"mean" "se_mean" "sd" "2.5%" "25%" "50%" "75%" "97.5%" "n_eff" "Rhat"
"pp0" 0.412114934449581 0.00248487133084255 0.0849003553911434 0.273451450303654 0.350151328543987 0.40145311245533 0.466063008074265 0.601204338285087 1167.37719633759 1.00354264459632
"pr10" 0.230128594057035 0.00182937138920254 0.062625861262357 0.1126378459579 0.186917678381757 0.229623319676681 0.271803599965875 0.354340554239748 1171.93535955943 1.00078844738753
"pr20" 0.124437531047064 0.00222943472880654 0.0628793946827019 0.0127814960828777 0.0796465895755626 0.124029188738198 0.167797637373059 0.248643214807129 795.476181716947 1.00228261368091
"xstar" 0.0886794499061223 0.000253023726877769 0.00819231044811473 0.0730027539644389 0.0830900470709512 0.0883435965560937 0.0941648620249142 0.105644344659271 1048.31139481987 1.00516239376474
"b1" 0.588587333021607 0.00628978726866369 0.207312386372547 0.216295647185529 0.437351618629746 0.577258157899221 0.744208360135574 0.969248046664844 1086.37205951852 1.00171540737242
"b2" 0.563700882602193 0.0103072450543984 0.268909942382252 0.0464958617430679 0.365355087313775 0.573995448815477 0.790985651049038 0.97704361613096 680.657315097694 1.00057270435173
"ppadjpred[1]" 0.412114934449581 0.00248487133084255 0.0849003553911434 0.273451450303654 0.350151328543987 0.40145311245533 0.466063008074265 0.601204338285087 1167.37719633759 1.00354264459632
"ppadjpred[2]" 0.376878048520015 0.00223279857526141 0.076265766931787 0.252204851930966 0.320909325529347 0.36780155280236 0.425991934628049 0.547914763805912 1166.70266821148 1.00346453058694
"ppadjpred[3]" 0.344677339148994 0.00200874305150846 0.0685950469641218 0.232601537856628 0.293950714492843 0.336354276234894 0.389065454220567 0.498141048809898 1166.10253795269 1.00337877521282
"ppadjpred[4]" 0.315249211791897 0.00180964866532991 0.0617813858558406 0.213713663660594 0.269439702642658 0.308083345221949 0.354919452742707 0.453092529759452 1165.5388612813 1.00328602640159
"ppadjpred[5]" 0.288353126336635 0.00163277275126839 0.0557291713147344 0.197418088571952 0.247102954283874 0.28265750790041 0.324532588781074 0.411178213789362 1164.96715864413 1.00318717763666
"ppadjpred[6]" 0.263769566110485 0.00147565414008016 0.0503528377875693 0.180379510590594 0.226595347967178 0.259225087968855 0.297032255002108 0.374299880697433 1164.33711613792 1.00308337199616
"ppadjpred[7]" 0.241298187074184 0.00133608470619534 0.0455758410956761 0.165499238175808 0.207571786175338 0.237216917577889 0.27067791793529 0.341056162258932 1163.59380114023 1.00297599223747
"ppadjpred[8]" 0.22075613110704 0.00121208406262512 0.0413297454437157 0.152180044653585 0.189918680860285 0.216953268549769 0.247832397151598 0.311872665380922 1162.6794034342 1.00286663494627
"ppadjpred[9]" 0.20197648873434 0.00110187708864114 0.0375534107553576 0.139679389941293 0.17388281144155 0.198450956343511 0.226853570385891 0.283880376851891 1161.53545101801 1.00275706814076
"ppadjpred[10]" 0.184806897964871 0.00100387398763098 0.0341922689803813 0.128749164948592 0.159206832103964 0.181636644784279 0.207701045568903 0.258972263467179 1160.10537963755 1.00264917349573
"ppadjpred[11]" 0.169108267103771 0.000916652581154607 0.0311976786556423 0.118648584032626 0.14559567316112 0.166164713632015 0.190138948189813 0.236038634319327 1158.33726805975 1.00254487629491
"ppadjpred[12]" 0.154753610495123 0.000838942553387497 0.0285263476637364 0.108826754300068 0.133070854655269 0.151864050275103 0.173900621461723 0.215989681284391 1156.18650146158 1.00244606800748
"ppadjpred[13]" 0.141626987139461 0.000769611371022211 0.026139814884336 0.0995937539509471 0.121600553369992 0.138723110946221 0.158793264781085 0.197832713088013 1153.61810637329 1.00235452766388
"ppadjpred[14]" 0.129622533032679 0.000707651620063182 0.0240039823170019 0.0903952849894036 0.11121533799779 0.126997775278857 0.145447050634578 0.181415454358913 1150.6085206662 1.00227184868713
"ppadjpred[15]" 0.118643578892812 0.000652379105250328 0.0220886902801773 0.0824601824678772 0.101859274702345 0.116326080241688 0.13336955653457 0.166444404202117 1146.4096837052 1.00219937737712
"ppadjpred[16]" 0.108601845687217 0.000602882756140899 0.0203673294313785 0.0754800492146544 0.0931587858821047 0.106284861079105 0.121969413124859 0.152224167953784 1141.30692259749 1.00213816790117
"ppadjpred[17]" 0.0994167110514876 0.000558348337225055 0.0188164845485318 0.0688479010182965 0.085179840341253 0.0973150229980802 0.111808539878802 0.139956479162058 1135.70757398044 1.00208895665952
"ppadjpred[18]" 0.0910145403091186 0.000518160997383269 0.0174156061826809 0.0625985433714436 0.0779483599060734 0.0891318080264401 0.10248050321358 0.128411338070137 1129.65999956177 1.00205215663807
"ppadjpred[19]" 0.0833280763630332 0.000481783010605773 0.016146707356007 0.0569706236422798 0.0713331007062703 0.0815880446656696 0.0937788169361038 0.118028068610988 1123.22040900435 1.00202787023209
"ppadjpred[20]" 0.0762958832416038 0.000448745727275446 0.0149940833682263 0.0520446518312672 0.0653658955292727 0.0746422482834681 0.0858740961403714 0.108771256089437 1116.44977235796 1.00201591735202
"ppadjpred[21]" 0.069861838547363 0.000418642030958094 0.0139440534467646 0.0471815742461578 0.0594478334523406 0.0683302401023131 0.0784997064580405 0.10078539660827 1109.41087875003 1.00201587460103
"ppadjpred[22]" 0.0639746704803276 0.000391119300993843 0.0129847234201363 0.0430778082320352 0.0542581755308084 0.062752002171801 0.0719482013954842 0.092502858597442 1102.1657488222 1.00202712098189
"ppadjpred[23]" 0.0585875354935514 0.000365872890915612 0.0121057688266367 0.0391966603188208 0.0494569411404528 0.0573634235688312 0.0659296257217727 0.0851411622685192 1094.7735311594 1.00204888585679
"ppadjpred[24]" 0.0536576329896169 0.000342640134338916 0.0112982379297211 0.0356060036448636 0.0452894673091295 0.052500760290498 0.0604777277874711 0.0785123998156613 1087.28893729913 1.00208029557268
"ppadjpred[25]" 0.0491458537863895 0.000320882580588924 0.0105543740463614 0.0322378309595498 0.0413225018077968 0.0481252399629841 0.0553973472004426 0.0727301589247087 1081.86402532658 1.00212041607978
"ppadjpred[26]" 0.0450164593713331 0.000300664847649581 0.00986745645586718 0.029166486833485 0.0377698375766854 0.0440224231713412 0.050865318970334 0.0669203681475942 1077.07296843516 1.00216828983012
"ppadjpred[27]" 0.0412367892286139 0.000281948692424817 0.00923165898903122 0.026492052874537 0.0344877443329908 0.0402242693290889 0.0467789354061919 0.0618113995970223 1072.06060550001 1.00222296611595
"ppadjpred[28]" 0.0377769937644334 0.00026457979650513 0.00864192523583461 0.0240963187086179 0.0314485061365317 0.0368565559074964 0.0429423404558693 0.0573789759057279 1066.86054290267 1.00228352471488
"ppadjpred[29]" 0.0346097905756796 0.000248424597965417 0.00809385917764255 0.0218414689593554 0.0287079430430051 0.0337637703569407 0.0394130838287515 0.0529724263772047 1061.50512826031 1.00234909322144
"ppadjpred[30]" 0.0317102420070066 0.0002333673344178 0.00758362995936687 0.0197949893076183 0.0261857474837953 0.0308523774830859 0.0361956510886559 0.0490275412407 1056.02484510216 1.00241885876897
"ppadjpred[31]" 0.0290555521236018 0.000219307459649888 0.007107889472239 0.0178923747634934 0.0238371993438238 0.0281838619520027 0.0332787180774599 0.0452028633462116 1050.44791469647 1.00249207501138
"ppadjpred[32]" 0.0266248813928053 0.000206157401956116 0.00666370141614255 0.0160794264844753 0.0217311782352159 0.025759989695564 0.0305370849311334 0.0416449491024709 1044.80007082025 1.00256806527737
"ppadjpred[33]" 0.0243991775188411 0.00019384063105631 0.00624848054560368 0.014650386729851 0.0198225905774147 0.0235610898019588 0.0280612233217182 0.0385088812851092 1039.10447226591 1.00264622276952
"ppadjpred[34]" 0.0223610210125556 0.000182290000518688 0.00585994086743696 0.0132378937449029 0.0180892445995143 0.0215724531736476 0.0257976779284379 0.0356224493693227 1033.38171998182 1.00272600858943
"ppadjpred[35]" 0.0204944842034339 0.000171449208669017 0.00549605164229326 0.0120543125280621 0.0164810913310809 0.0197426849705356 0.023770019303425 0.0329523701179739 1027.61548441258 1.00280694825445
"ppadjpred[36]" 0.0187850025153722 0.000161316042758799 0.00515500013919828 0.0108718649816706 0.015029851823528 0.0180973025085117 0.021859763276195 0.0305609814659577 1021.17986509095 1.0028886272493
"ppadjpred[37]" 0.0172192569317449 0.000151771563381669 0.00483516019502177 0.00982010544944264 0.0137307490230363 0.0165894641692138 0.020050431993574 0.0283620805375647 1014.94128610328 1.00297068603996
"ppadjpred[38]" 0.0157850666701005 0.000142777976224776 0.00453506573445836 0.00885895888659111 0.0125333698323357 0.0151610096287407 0.0183878910635784 0.0261813144449951 1008.89211802554 1.00305281487315
"ppadjpred[39]" 0.0144712911732059 0.000134301020073623 0.00425338850666167 0.0079728891824179 0.0114062044931651 0.0138656992166381 0.01688630942397 0.0242320836093714 1003.02436710973 1.00313474859711
"ppadjpred[40]" 0.0132677406018662 0.000126309449627934 0.00398891938949115 0.00718501028938901 0.0103999111070273 0.0126986063954154 0.0154899325669792 0.0224279754197683 997.329888198556 1.00321626166691
"ppadjpred[41]" 0.0121650940866775 0.000118774607996769 0.00374055269975018 0.00650036400169678 0.00948349142333836 0.0116214356596715 0.0142481957517137 0.0207620131541686 991.800548390024 1.00329716344126
"ppadjpred[42]" 0.0111548250612344 0.000111670073639567 0.00350727302695151 0.005870150244132 0.00864392424535061 0.0106451609920145 0.0130759042013851 0.0192127131413451 986.428350104923 1.00337729383354
"ppadjpred[43]" 0.0102291330588933 0.000104971368871585 0.00328814417877535 0.00528096099446522 0.00785538703555645 0.00973813016894899 0.0120054775772856 0.0178145302286477 981.205521138102 1.00345651934823
"ppadjpred[44]" 0.00938088140948935 0.0000986557191040174 0.00308229988863902 0.00477192639333001 0.00714973171490499 0.00890622969735923 0.0110237566334918 0.0164868941319958 976.124578195311 1.00353472951002
"ppadjpred[45]" 0.00860354032190181 0.0000927018537608827 0.00288893599010809 0.00431166896804802 0.00651365642175648 0.00814131754326156 0.0101423601693273 0.0152679231658792 971.178369398009 1.00361183367729
"ppadjpred[46]" 0.00789113488348045 0.0000870898413316291 0.00270730380985084 0.00388766196781306 0.00593245437907312 0.00745927712307314 0.00931511361963815 0.0141701881968757 966.360100313985 1.00368775822101
"ppadjpred[47]" 0.00723819754847565 0.0000818009523076548 0.00253670457116148 0.00350535156791761 0.00540120864951683 0.00682796655577274 0.0085793372170448 0.0131999765393648 961.663347257462 1.00376244404383
"ppadjpred[48]" 0.00663972472511401 0.0000768175448398117 0.00237648463447192 0.00316101460422312 0.00491730607377881 0.00624040275708235 0.00788340694592778 0.0122831837399607 957.082060901021 1.00383584441066
"ppadjpred[49]" 0.00609113710514971 0.0000721380784843376 0.00222603143044609 0.00285994970636231 0.00448247779354876 0.00571354809242747 0.00725221853435507 0.0113764662425392 952.211548080557 1.00390792306101
"ppadjpred[50]" 0.00558824341089528 0.0000677328405767977 0.00208476996587579 0.00259405385648078 0.00408532068736933 0.00524292378170307 0.00668168352088084 0.0105361882493351 947.365804637535 1.00397865257365
"ppadjpred[51]" 0.00512720726316134 0.0000635844984861846 0.00195215980329201 0.00234162497989346 0.00372424013542037 0.00479300502936356 0.00614051503514359 0.0097775309010966 942.601728115191 1.0040480129552
"pr1adjpred[1]" 0.230128594057035 0.00182937138920254 0.062625861262357 0.1126378459579 0.186917678381757 0.229623319676681 0.271803599965875 0.354340554239748 1171.93535955943 1.00078844738753
"pr1adjpred[2]" 0.210386019607099 0.00164924260848751 0.0564778751048672 0.103488366256403 0.171489752210851 0.209956502103092 0.248469368254554 0.321165130819728 1172.70183479303 1.00078623844035
"pr1adjpred[3]" 0.192349877132494 0.00148787178269822 0.0509692632721679 0.0953311549226274 0.157438820170507 0.192009929257537 0.226915830567276 0.291109851790353 1173.50703468184 1.00079001895868
"pr1adjpred[4]" 0.17587158693452 0.00134329300896437 0.0460328140863377 0.0879699691644201 0.14426899159806 0.175661276402998 0.20684740927443 0.265438537008401 1174.33915415005 1.00080039921151
"pr1adjpred[5]" 0.160815599412996 0.00121374286919348 0.0416082738039331 0.0806692293210917 0.132344215310102 0.160790683628339 0.188604843702303 0.241234684778902 1175.18439108265 1.00081797319713
"pr1adjpred[6]" 0.147058244306685 0.00109763980844837 0.0376416359504552 0.0742789469213923 0.121058584758218 0.147417519814125 0.172561465142355 0.220376057241568 1176.02696990493 1.0008433044686
"pr1adjpred[7]" 0.134486682262814 0.000993565622917282 0.034084503424523 0.0684836563844328 0.110928040761787 0.134747793359775 0.157659514366639 0.200298348113208 1176.84923420058 1.00087691085628
"pr1adjpred[8]" 0.122997949575205 0.000900248843589828 0.0308935159466709 0.0629864566029511 0.101805245901136 0.123418611913456 0.144531044358686 0.182113526709147 1177.63181678117 1.00091924858093
"pr1adjpred[9]" 0.112498087755961 0.000816549822688547 0.0280298361588654 0.0576390828542815 0.093439154456519 0.112959355561124 0.131913036217997 0.166697992589223 1178.35389243274 1.0009706963768
"pr1adjpred[10]" 0.102901350356185 0.000741447348665628 0.0254586883383593 0.0527249926135656 0.0857183599184932 0.103363687338052 0.120322116827738 0.152084760165225 1178.9935142295 1.00103154034626
"pr1adjpred[11]" 0.0941294801337427 0.000674026632416221 0.023148944282175 0.0482037543022502 0.0787082448886636 0.0944397454665748 0.11005978212657 0.139162316561498 1179.52802899576 1.00110196033174
"pr1adjpred[12]" 0.0861110502868431 0.00061346852252819 0.021072751454419 0.0443282132244905 0.0721807770835594 0.0861339869715162 0.100688209993302 0.127137557793758 1179.93456156744 1.00118201860278
"pr1adjpred[13]" 0.07878086403671 0.0005590398211112 0.0192051989749999 0.0406273454429171 0.0660490429463765 0.0787423278285219 0.0919681267238423 0.115639639613661 1180.19055146326 1.00127165160546
"pr1adjpred[14]" 0.0720794073561264 0.000510084584233579 0.0175240174715201 0.0371726970584526 0.0604383720611681 0.0722055300973265 0.084007962408374 0.106197385275717 1180.27432005817 1.00137066540597
"pr1adjpred[15]" 0.0659523501076831 0.000466016302426349 0.0160093092214624 0.0341111532197082 0.0553054801870352 0.0659857324733624 0.0767283915829524 0.0968490918312123 1180.16564203433 1.00147873528028
"pr1adjpred[16]" 0.0603500912804305 0.000426310867242847 0.0146433053835966 0.0313280987942912 0.0506329862537273 0.0602931351536504 0.0701807153907117 0.0884177270606661 1179.84629239304 1.0015954096723
"pr1adjpred[17]" 0.0552273444001435 0.000390952095348915 0.0134101474590215 0.0286804560914074 0.0463041059976978 0.0551707930916731 0.0642750308272894 0.0810293500337028 1176.57608469121 1.00172011847964
"pr1adjpred[18]" 0.0505427595400362 0.000359105615631348 0.0122956904356577 0.0262213578725799 0.0423058670617521 0.0505199696208233 0.058746439911044 0.0744836326687944 1172.36123003477 1.00185218535638
"pr1adjpred[19]" 0.0462585786786946 0.000330295307729318 0.0112873253567164 0.0239836456134582 0.0386119363369112 0.0461338379644743 0.0537197635107518 0.0685924582798305 1167.82368602515 1.00199084346963
"pr1adjpred[20]" 0.0423403214430847 0.000304194841843172 0.0103738193144389 0.0219326496906681 0.0353814142764656 0.0421519289605613 0.0491279712591023 0.0630622276514048 1162.98380680301 1.00213525393945
"pr1adjpred[21]" 0.0387564985393757 0.000280514048711759 0.00954517110563536 0.0201312207325274 0.0323273930896278 0.038539575137172 0.0449414882606123 0.0581162563467617 1157.86573744351 1.0022845260468
"pr1adjpred[22]" 0.0354783504153529 0.000258995132017496 0.00879248099554516 0.0185017867601256 0.0296159814019253 0.0352827998947767 0.0411372314189194 0.0533247154377805 1152.49665602025 1.0024377382257
"pr1adjpred[23]" 0.0324796089175553 0.000239409237009392 0.0081078332217903 0.0169483467261552 0.0270502509153874 0.0322779322559922 0.0377833789126432 0.0490944785428363 1146.90595634805 1.00259395886564
"pr1adjpred[24]" 0.0297362799059099 0.000221553342869069 0.00748419003150642 0.0152966134128685 0.0246919977875434 0.0295249025658387 0.0346033062984636 0.0452978209284857 1141.1244163074 1.00275226603201
"pr1adjpred[25]" 0.0272264449703404 0.000205247450514516 0.00691529618343246 0.0139445415528716 0.0225987710388759 0.0270349495616329 0.0317060844673705 0.0416234136959562 1135.1833930352 1.00291176535204
"pr1adjpred[26]" 0.0249300805592194 0.00019033204095101 0.00639559296458652 0.012679501649579 0.0206829404824157 0.0247162979084855 0.0289948937699822 0.0382249587983398 1129.11407976767 1.00307160549315
"pr1adjpred[27]" 0.0228288929800853 0.00017666578201353 0.00592014087035914 0.011583243636838 0.0188909194964477 0.0226575792500622 0.0264989220107257 0.0353626487510406 1122.94685078976 1.00323099085817
"pr1adjpred[28]" 0.0209061678700989 0.000164123463497113 0.0054845501799076 0.0105654892191692 0.0171989816572868 0.0207543015258372 0.0243029923807209 0.0327025868160805 1116.71071186951 1.00338919131902
"pr1adjpred[29]" 0.0191466328584861 0.000152594142349692 0.00508491872826029 0.00960085059788999 0.0157346866334708 0.019006049696214 0.0222666780898976 0.0301408415062913 1110.43286471271 1.0035455489896
"pr1adjpred[30]" 0.0175363322568122 0.000141979480916729 0.00471777623513423 0.00874598544016206 0.0142986900901446 0.0173698563091308 0.0204370328837089 0.0277269036946743 1104.13838611612 1.00369948218945
"pr1adjpred[31]" 0.0160625127163652 0.000132192262281792 0.00438003460054235 0.00798978516436397 0.013068248513925 0.0158437373100096 0.0186953123169618 0.0255411700671698 1097.8500161145 1.0038504868642
"pr1adjpred[32]" 0.0147135188861082 0.00012315506763209 0.00406894362094447 0.00727218000039865 0.0119433707053874 0.0144797774411298 0.0171356585302072 0.0236343226541221 1091.58804472838 1.00399813580623
"pr1adjpred[33]" 0.0134786981904219 0.000114799101365189 0.00378205161874031 0.00660789640657436 0.0109234007078482 0.0132376698513503 0.01575761283386 0.0218073851095991 1085.37028392423 1.00414207606032
"pr1adjpred[34]" 0.0123483139239632 0.000107063150396525 0.00351717051369315 0.00604477072444286 0.00994514634022907 0.0121173661835119 0.0144241061312587 0.0201038200860908 1079.2121099285 1.00428202490997
"pr1adjpred[35]" 0.0113134659320964 0.0000998926648625803 0.0032723448984164 0.00551127180425186 0.00906718004481042 0.0110785318914732 0.0132255961391516 0.0185885210736734 1073.12656082563 1.00441776482562
"pr1adjpred[36]" 0.0103660182101373 0.0000932389481622225 0.00304582471202472 0.00499480652338307 0.00827766539679651 0.0101298343795205 0.0121396926262649 0.0171860657003459 1067.12447510866 1.00454913772455
"pr1adjpred[37]" 0.00949853281366204 0.0000870584450464344 0.00283604113684238 0.00453686914711611 0.00755400550616441 0.00925959078091616 0.0111057160100735 0.0158803291475518 1061.21465823547 1.00467603884848
"pr1adjpred[38]" 0.00870420952588161 0.0000813121172533319 0.00264158537285359 0.00412708860519321 0.00689230224574242 0.00846380924536046 0.0101778120166301 0.0146715841670227 1055.40406600094 1.00479841051573
"pr1adjpred[39]" 0.00797683077705248 0.0000759648969838183 0.00246118997339998 0.0037539014237311 0.00628896779134683 0.00774590414310733 0.00932909802884412 0.0135735139550834 1049.69799544552 1.00491623595478
"pr1adjpred[40]" 0.00731071135549902 0.0000709852093129737 0.00229371245340888 0.00341003287683117 0.00572321737916876 0.00710516788790909 0.00857349131308158 0.0125381763870354 1044.1002759152 1.00502953337717
"pr1adjpred[41]" 0.00670065249046818 0.0000663445554217983 0.00213812090804946 0.00307458607801284 0.00521516510179968 0.00649568947421659 0.00789536928927075 0.0115899594432041 1038.61345465396 1.00513835040421
"pr1adjpred[42]" 0.00614189992406546 0.000062017149301999 0.00199348140502542 0.00282893667748441 0.00475416763546159 0.00594973931961439 0.00724869852531611 0.0107132920288044 1033.23897287651 1.0052427589237
"pr1adjpred[43]" 0.00563010562326385 0.000057979601323333 0.00185894693759248 0.00256228748491762 0.00433165825787706 0.00544639076282419 0.00666862963642824 0.00996927769602611 1027.97732960415 1.00534285042075
"pr1adjpred[44]" 0.00516129281372371 0.0000542106427506819 0.00173374774773372 0.00232893202025067 0.00394585653166526 0.004981542707321 0.00612138639682928 0.00924987842151938 1022.82823164264 1.00543873180107
"pr1adjpred[45]" 0.00473182404518168 0.000050690885950751 0.00161718284966353 0.00209727779912262 0.0035956591259504 0.00455677718718823 0.00561713777503783 0.00856850177729845 1017.79072894965 1.00553052170534
"pr1adjpred[46]" 0.00433837202370298 0.0000474026156323459 0.00150861260292897 0.00192920180055257 0.00326953788383734 0.00416326019373881 0.00516477201680282 0.00795268101180412 1012.86333530174 1.00561834729821
"pr1adjpred[47]" 0.00397789296936517 0.0000443296070177258 0.00140745220183384 0.00174496354575972 0.0029776390950607 0.0038065185617936 0.00473978589502348 0.007375404983897 1008.0441346566 1.00570234150532
"pr1adjpred[48]" 0.00364760227915598 0.0000414569673453387 0.00131316596375773 0.00157670913531818 0.002710170173006 0.00347331403606472 0.0043552798766837 0.00684121994731068 1003.33087394283 1.00578264066507
"pr1adjpred[49]" 0.00334495229420415 0.0000387709975573409 0.00122526231323635 0.00143361333391449 0.00247270850385535 0.00317717669274332 0.00399915755331479 0.00632748841321659 998.721043226564 1.00585938255786
"pr1adjpred[50]" 0.00306761198809036 0.0000362590714307112 0.00114328937148608 0.00130049258847979 0.00225495179353164 0.00290243689434548 0.00366588190567309 0.00589237308971173 994.211944327608 1.00593270477448
"pr1adjpred[51]" 0.00281344840905518 0.0000339095297712167 0.00106683107248665 0.00118913219407004 0.00205329768346638 0.00265819649242657 0.00336400969212019 0.00548254727887068 989.80074900921 1.00600274338493
"pr2adjpred[1]" 0.124437531047064 0.00222943472880654 0.0628793946827019 0.0127814960828777 0.0796465895755626 0.124029188738198 0.167797637373059 0.248643214807129 795.476181716947 1.00228261368091
"pr2adjpred[2]" 0.113683129070427 0.00202601106021019 0.0570652219569492 0.0116743139798612 0.0734101727549518 0.113929569250114 0.153793343089081 0.226207521860648 793.340083990082 1.00217204967228
"pr2adjpred[3]" 0.103864980362323 0.00184149594621651 0.051805180654027 0.0106630424938681 0.0669210137152983 0.10416468925451 0.14056066569309 0.205712997234681 791.416044789264 1.00205940596951
"pr2adjpred[4]" 0.0949009921102973 0.00167410962120765 0.0470453870425125 0.00976481508536925 0.0612959986388707 0.0951464784742202 0.128374628012655 0.18673160469518 789.707580726109 1.00194487736997
"pr2adjpred[5]" 0.0867163201072248 0.00152224131208885 0.0427372581949275 0.00894404774601546 0.0560795789141624 0.0869957600482464 0.117326682674616 0.170007779780255 788.217921425287 1.00182867414305
"pr2adjpred[6]" 0.0792427243246704 0.00138443308118775 0.0388369872892757 0.00819227054939777 0.0515530835289739 0.0797548407113766 0.107013889857755 0.153974274805433 786.949981142823 1.00171102154266
"pr2adjpred[7]" 0.0724179821619743 0.00125936522356891 0.0353050710408717 0.00750368433288112 0.0474549630761704 0.0729489134988414 0.0978227516336644 0.139780844233496 785.906329718562 1.00159215915269
"pr2adjpred[8]" 0.0661853541753777 0.00114584306830711 0.032105884069545 0.0068446000976971 0.0433585757341173 0.066599724874114 0.0894789292693184 0.126793897949375 785.08916305257 1.00147234006184
"pr2adjpred[9]" 0.0604930975625459 0.00104278504791409 0.0292072955263641 0.00623999045897486 0.0397006613933438 0.0609127888292924 0.0817394487895743 0.115320918431882 784.50027332353 1.00135182986716
"pr2adjpred[10]" 0.0552940231059039 0.000949211913329511 0.0265803237711136 0.00568878876497883 0.0364445847438589 0.0556802662393337 0.0747146404731069 0.105056777086001 784.141019195537 1.00123090550822
"pr2adjpred[11]" 0.0505450916672382 0.00086423698380871 0.0241988253120898 0.00518627720613678 0.0334429149449277 0.0509997687589824 0.0682430764079932 0.0961344194050911 784.012296287756 1.00110985393714
"pr2adjpred[12]" 0.0462070466796108 0.000787057331795813 0.0220392145980411 0.0047281547257697 0.0306685711923186 0.0466746357744095 0.0624003331264351 0.0873687132751561 784.114508208487 1.00098897063275
"pr2adjpred[13]" 0.0422440794040268 0.00071694581257461 0.0200802115924927 0.00431050020546115 0.028051365634829 0.0427610864602691 0.0571839406309446 0.0796100109318214 784.447538480528 1.00086855797047
"pr2adjpred[14]" 0.0386235240104508 0.000653243857245483 0.0183026143670562 0.00393251356594031 0.0257433436063751 0.0389747583012302 0.0521669268565992 0.0727515074839453 785.010723707856 1.00074892346283
"pr2adjpred[15]" 0.0353155798083446 0.000595354955477571 0.016689094226034 0.00359143436108242 0.0237108774602389 0.0357609069546985 0.0476857146887414 0.0665597713099122 785.802828353367 1.00063037788822
"pr2adjpred[16]" 0.0322930581933447 0.000542738761615192 0.015224011122775 0.00327993829455069 0.0217910940585488 0.0326300041118352 0.0436682622448561 0.060754871878385 786.822021513246 1.00051323332882
"pr2adjpred[17]" 0.0295311520962083 0.000495044229352293 0.0138932473515673 0.00299545948062338 0.0199537956275745 0.0299486815393878 0.0398402805790707 0.0555598413758767 787.625069465753 1.00039780114058
"pr2adjpred[18]" 0.0270072259197442 0.000451734794033763 0.0126840576998518 0.0027356545871226 0.0182791206885822 0.0274886431282078 0.0364760138916999 0.0504555149178199 788.404932663389 1.00028438988071
"pr2adjpred[19]" 0.0247006241309209 0.000412336321398403 0.0115849344264567 0.00249838353191994 0.0166827227616973 0.0252111720258328 0.0333464424194907 0.0460773012826387 789.376104600021 1.00017330321924
"pr2adjpred[20]" 0.0225924968403724 0.000376487326154471 0.0105854855943741 0.00228169185377437 0.0151730322558032 0.0230201139406268 0.0305342455027752 0.0425257624398069 790.534538489001 1.00006483786257
"pr2adjpred[21]" 0.0206656408515921 0.000343860257678729 0.00967632543315615 0.00208380038823062 0.0139061626483955 0.0210574654631213 0.0278701765863846 0.0388228537252056 791.875604184724 0.999959281517139
"pr2adjpred[22]" 0.0189043547985879 0.000314158282299436 0.00884897553791923 0.00190331001847141 0.0126904834710699 0.0192452296333278 0.0254253925379619 0.0354085207010697 793.394091060063 0.999856910921084
"pr2adjpred[23]" 0.0172943071149027 0.000287112372865464 0.00809577583066913 0.00173845345970903 0.0116104030373752 0.017551412224244 0.0232339562307537 0.0324602178238174 795.084215161614 0.999757989970932
"pr2adjpred[24]" 0.0158224156898083 0.000262478676075296 0.00740980431653233 0.00158787649528936 0.0106251451365175 0.0160616052783636 0.0212640106557974 0.0298111591867474 796.939630792309 0.999662767968839
"pr2adjpred[25]" 0.0144767381701798 0.0002400361308935 0.00678480476366818 0.00145034221544145 0.00969621459055243 0.0146680354561729 0.0194742694557495 0.0272762210613374 798.95344661805 0.9995714780137
"pr2adjpred[26]" 0.0132463719599794 0.000219584313958824 0.00621512152222418 0.00132860424384588 0.00889106972146867 0.0133917683284268 0.0177695853990348 0.0250033855794692 801.1182463369 0.999484335556888
"pr2adjpred[27]" 0.0121213630542674 0.000200941490214232 0.00569564077563726 0.00122987865097254 0.00816005342679355 0.0122456626450977 0.0162255184629881 0.0229130899878386 803.426113887232 0.999401537140227
"pr2adjpred[28]" 0.0110926229219771 0.000183942849089674 0.00522173758774523 0.00112938941753318 0.00749137285353578 0.0111975852690324 0.0148365217290321 0.02101088161903 805.86866310596 0.999323259330372
"pr2adjpred[29]" 0.010151852722043 0.000168438908464925 0.00478922817233309 0.0010249765400741 0.00685219734483763 0.0102556704754129 0.0135561352836653 0.0192604936402342 808.437071681173 0.999249657860045
"pr2adjpred[30]" 0.00929147420147712 0.000154294070352563 0.00439432686860031 0.000936699202099983 0.00622563910242951 0.00938193971512863 0.0123879548411824 0.017702640878263 811.122119176313 0.999180866982713
"pr2adjpred[31]" 0.00850456668223954 0.00014138531378781 0.00403360735722822 0.000860637880703978 0.00569573094848603 0.00857636019058489 0.0113225745540488 0.0162314880393923 813.914228837305 0.999116999043403
"pr2adjpred[32]" 0.00778480959674863 0.00012960101180883 0.00370396769781959 0.000795319948383248 0.00520915783200163 0.00782709096475864 0.0103538287021251 0.0150076240613926 816.803512831039 0.999058144264543
"pr2adjpred[33]" 0.00712643008011693 0.000118846069766257 0.00340259880998679 0.000739589964721306 0.00475920442652216 0.00715260592992423 0.00949113330634194 0.0137859247097116 819.694164216421 0.999004370742047
"pr2adjpred[34]" 0.00652415517109815 0.000109026990117341 0.00312695605774029 0.000674488523709876 0.0043512495601965 0.00653287117833146 0.00868253792693556 0.0126738345456249 822.575009131252 0.998955724643536
"pr2adjpred[35]" 0.00597316821368914 0.000100053315867532 0.00287473363048987 0.000615117905800096 0.00397760017254554 0.00597472949688972 0.00795738780969399 0.0116580401371158 825.528834244218 0.99891223059752
"pr2adjpred[36]" 0.00546906908770161 0.0000918496095378425 0.00264384144428886 0.000560973602002529 0.00362288170546258 0.00548174504420646 0.00730001988199877 0.0107242455513517 828.545157881309 0.998873892259781
"pr2adjpred[37]" 0.00500783792972596 0.0000843473509359635 0.00243238431426238 0.000511595519903714 0.00330886532645435 0.00500126040807719 0.00667238186236766 0.00990915167505436 831.613428265126 0.998840693041008
"pr2adjpred[38]" 0.00458580203604919 0.0000774842912629473 0.00223864317376414 0.000466564073057855 0.00303909812338657 0.00455318803575432 0.00609828731978972 0.00915601198341391 834.723077209116 0.998812596978072
"pr2adjpred[39]" 0.0041996056665279 0.0000712038681883601 0.00206105813797467 0.000426783512204492 0.00278580711813291 0.00414415370977717 0.00559506281720077 0.00840237662959889 837.863573720888 0.99878954973009
"pr2adjpred[40]" 0.00384618249339903 0.0000654546760991491 0.00189821322962977 0.000391036404904026 0.00254856329614668 0.00376857908578566 0.0051050583077037 0.00771302449077497 841.024476958877 0.998771479679734
"pr2adjpred[41]" 0.00352273046175762 0.0000601899862816197 0.00174882260257017 0.000358391335419173 0.00231942721246079 0.00345544620935669 0.00467858397953063 0.0071096459170599 844.195487999109 0.998758299119962
"pr2adjpred[42]" 0.00322668884914283 0.0000553673122967082 0.00161171811502895 0.000330701216022665 0.00211287256893329 0.0031531646904106 0.00427442093442431 0.00655502516863511 847.366499890883 0.99874990550649
"pr2adjpred[43]" 0.00295571733053439 0.0000509480162613364 0.00148583811919881 0.00030540957485284 0.00193496200000329 0.00288921762288423 0.00392210731174003 0.00604295307115946 850.527645511114 0.998746182756881
"pr2adjpred[44]" 0.00270767687223792 0.0000468969521577163 0.00137021734680559 0.000281867992348452 0.00175885603216867 0.0026415797459085 0.00358386064661409 0.00557178943741773 853.66934276614 0.998747002577961
"pr2adjpred[45]" 0.00248061229378081 0.0000431821426622461 0.00126397778230045 0.00025679916652833 0.00160777345650924 0.00240535034764505 0.00329266483808538 0.00513218136939916 856.782336735937 0.998752225804444
"pr2adjpred[46]" 0.00227273635118781 0.0000397744863199132 0.00116632042599928 0.00023380253189569 0.00146623810120684 0.00220066772293029 0.00301795726486105 0.00473506187182522 859.857738407563 0.998761703732968
"pr2adjpred[47]" 0.002082415207983 0.0000366474921923264 0.00107651785915991 0.000212306416146943 0.00133608628955597 0.00200829639461675 0.00276843349956852 0.00436194121152924 862.887059701238 0.998775279437299
"pr2adjpred[48]" 0.0019081551720863 0.0000337770393807436 0.000993907531698563 0.000194442180818197 0.00121398069761185 0.00183347636711859 0.00253711882403718 0.004024331791319 865.862244552006 0.998792789052049
"pr2adjpred[49]" 0.00174859058754108 0.0000311411590725332 0.000917885701101709 0.000178151239144978 0.00110246048666503 0.0016705816031724 0.00232627393949757 0.00373230428935315 868.775695871383 0.998814063013976
"pr2adjpred[50]" 0.00160247277982031 0.0000287198369829451 0.000847901958170417 0.000163225340026109 0.00101176756537738 0.00152692907653984 0.00213374108897794 0.00345321874439589 871.620298275072 0.998838927251595
"pr2adjpred[51]" 0.00146865996239667 0.0000264948342661469 0.000783454281618662 0.000149553523472623 0.000926545432436705 0.00139630789544439 0.00195513293071849 0.00318709806376715 874.38943652359 0.998867204315536
"propnPrimI[1]" 0.465275460003142 0.00300606519065235 0.102212145986249 0.304332962390331 0.386467818142676 0.454313507133143 0.529412217368861 0.695376606402111 1156.13413480651 1.00194898533469
"propnPrimI[2]" 0.433341644356742 0.00312887212693 0.104364943170957 0.269103948440531 0.353238775283279 0.420275320254957 0.498574541024322 0.664431054888314 1112.58615951112 1.0020185365354
"propnPrimI[3]" 0.44652924482667 0.00326613185150189 0.107072305252276 0.274236180099722 0.364800309158732 0.434445193104445 0.514374367646854 0.682289669631911 1074.69908793767 1.00195581837148
"propnPrimI[4]" 0.610463237578353 0.00307617875017086 0.100013458412982 0.430098442100112 0.535085381679636 0.605749831855238 0.680381228450029 0.812279887864808 1057.04567804386 1.00145938963172
"propnPrimI[5]" 0.693608311141552 0.00259769459850743 0.0854866024119126 0.53458333878964 0.628718693642472 0.691641663098994 0.754608990661656 0.860144510688735 1082.97873967597 1.00135309690349
"propnPrimI[6]" 0.55904284294857 0.00288831998699312 0.0982395053190371 0.396146272503716 0.483772354016034 0.552116214049595 0.624811132124818 0.772790157849579 1156.86244467924 1.00172168898908
"propnPrimI[7]" 0.453089104236272 0.00301413572604708 0.102358485236081 0.29284834387656 0.374033288079819 0.441768560780739 0.516726438038348 0.684281701743159 1153.24635690912 1.00198179793389
"propnPrimI[8]" 0.40690932386343 0.0031132822813698 0.103646564561954 0.246601413510281 0.327822460158871 0.392939418631406 0.469796009767404 0.639409590440627 1108.33953099077 1.00210916518103
