"mean" "se_mean" "sd" "2.5%" "25%" "50%" "75%" "97.5%" "n_eff" "Rhat"
"pp0" 0.383338755382321 0.00294848795534044 0.0839244857023648 0.234564613745703 0.321213073126997 0.3780806857359 0.438724104739393 0.555068063252751 810.174670243425 0.999803575977133
"pr0" 0.0467695237830457 0.000562846875579409 0.01653665968498 0.0164590477067111 0.0353830024043237 0.0463104298604026 0.057560609770853 0.0813988892980165 863.207209039222 0.998821146069276
"xstar" 0.0755742489028027 0.000266219032542822 0.00684787785689089 0.0624550551827681 0.0709133552726716 0.0756127691323337 0.0801990904806234 0.0888239751797181 661.658367508616 1.000503091058
"b1" 0.134451202873978 0.00262916565190212 0.0737327732228016 0.0316496989076081 0.0848916847875548 0.120617504252827 0.17191364752092 0.308815637230991 786.475571738837 0.999057248394067
"ppadjpred[1]" 0.383338755382321 0.00294848795534044 0.0839244857023648 0.234564613745703 0.321213073126997 0.3780806857359 0.438724104739393 0.555068063252751 810.174670243425 0.999803575977133
"ppadjpred[2]" 0.355239196199064 0.00268244158702493 0.0768025912317324 0.21821320161184 0.298982214807615 0.351185123883409 0.40719384181488 0.511777534163998 819.768447871646 0.999746942164068
"ppadjpred[3]" 0.329214931673133 0.00244207731982134 0.0703429720902906 0.202993092496327 0.277750543768332 0.326110568913951 0.377294045585653 0.471763644980823 829.702898703374 0.999687559643552
"ppadjpred[4]" 0.305111566302318 0.00222650423564687 0.0644836719192706 0.188834661140735 0.257835390168856 0.302700626188636 0.34920924868829 0.435495750986885 838.788501045247 0.999625629744454
"ppadjpred[5]" 0.282786273069572 0.00203638255986971 0.0591682934777524 0.175651989041377 0.239403989720523 0.280533215522823 0.322763191309585 0.402479528067984 844.227217077306 0.999561409013236
"ppadjpred[6]" 0.262106920634737 0.00186686333491851 0.0543455122953803 0.163401130523665 0.222913685604519 0.259870668346462 0.298864426061251 0.372645499983255 847.427047887875 0.999495209653205
"ppadjpred[7]" 0.242951266820599 0.0017134878649988 0.049968634307568 0.152017877921093 0.207122654244929 0.240655929387642 0.276609292695728 0.344536933035176 850.418880639265 0.999427398094403
"ppadjpred[8]" 0.22520621332496 0.00157470449046828 0.0459951935423444 0.141473646080163 0.191720638932884 0.223167131184221 0.2562959001602 0.31806856232739 853.152699812769 0.999358391490759
"ppadjpred[9]" 0.208767116980322 0.00144916073969449 0.0423865862060879 0.131523424620544 0.178275334525566 0.207234731721455 0.237411829616083 0.29469207322189 855.507380947392 0.999288652045952
"ppadjpred[10]" 0.193537153242553 0.00133713836245396 0.0391077377691675 0.12161900322879 0.165295802382878 0.192335247941773 0.219888941223538 0.272089846828639 855.40678576056 0.999218679200606
"ppadjpred[11]" 0.179426727921833 0.00123544336595375 0.036126799888893 0.112248308338254 0.153066849283325 0.17866383176014 0.2036611929395 0.252303433228133 855.092906286766 0.999148999861541
"ppadjpred[12]" 0.166352933475422 0.00114306260389082 0.0334148742328679 0.104312888420297 0.142100931542016 0.165645611240407 0.188844801197427 0.233891138084478 854.554230024822 0.999080157005269
"ppadjpred[13]" 0.154239046464367 0.0010590769886472 0.0309457604867492 0.0963630985606175 0.131958917056384 0.153420803634055 0.175413830355011 0.216597922866761 853.78251401226 0.999012697126781
"ppadjpred[14]" 0.143014063037047 0.000982653647890784 0.0286957260510898 0.0893884727374067 0.122467536773486 0.142257506306905 0.162414508603978 0.200991910692414 852.773102658064 0.998947157114355
"ppadjpred[15]" 0.132612269543033 0.000913038743690846 0.0266432951550947 0.0823039646328587 0.113600324723633 0.13217260822529 0.150322200094016 0.186581774474022 851.525108857703 0.998884051197308
"ppadjpred[16]" 0.122972845602802 0.000849550877770975 0.0247690553413219 0.0763123331338296 0.105442720228042 0.122459775748141 0.139511769864583 0.173026014225708 850.041445403153 0.998823858626651
"ppadjpred[17]" 0.114039497163786 0.000791575015004753 0.0230554795030003 0.0709334511976024 0.0977240166210951 0.113566819388686 0.129384870878764 0.160927751953687 848.3287046858 0.998767012705166
"ppadjpred[18]" 0.105760117262307 0.000738556866110539 0.0214867618811852 0.0659748761692321 0.090528764536341 0.105307969024499 0.120101318604888 0.149296989618853 846.396895888045 0.998713891687623
"ppadjpred[19]" 0.0980864723855375 0.000689997679440488 0.0200486666475046 0.0610558372336933 0.0839377965498973 0.0974961489782613 0.111674054171621 0.138810403429099 844.259058957983 0.998664811934395
"ppadjpred[20]" 0.0909739124887067 0.000645449400443744 0.0187283879041703 0.0567088307132381 0.0776981244681901 0.090369681346937 0.103464711899309 0.128840439504309 841.930782537851 0.998620023538392
"ppadjpred[21]" 0.0843811028714727 0.000604510165462512 0.017514420120769 0.0526126256155068 0.0720333216950921 0.0839749535719964 0.0958781819479974 0.119711556749009 839.429657914347 0.998579708474108
"ppadjpred[22]" 0.0782697762546494 0.000566820103679847 0.0163964381925294 0.0484289265859783 0.0666616811985754 0.0778566501908344 0.0890184449964142 0.111900515935034 836.774702684704 0.998543981156497
"ppadjpred[23]" 0.0726045035251668 0.000532057427046124 0.0153651864441231 0.0445847372844624 0.0617029314776368 0.0720826790343555 0.0826970231762668 0.104304623726718 833.985786358395 0.998512891161099
"ppadjpred[24]" 0.0673524817341156 0.000499934792738336 0.0144123760152349 0.0410144961230914 0.0572286746295667 0.0666455850879263 0.0769631114219101 0.0969885576013563 831.083086092089 0.998486427755516
"ppadjpred[25]" 0.0624833380407015 0.0004701959261348 0.0135305901495655 0.0377970076776987 0.0530354640431431 0.0616976688199336 0.0714472311247067 0.0904196370966126 828.08659497616 0.998464525830732
"ppadjpred[26]" 0.0579689483946208 0.000442612494500783 0.0127131969696944 0.0349408381297492 0.0490702096797727 0.0571506931610887 0.0664807448604139 0.0842250103587867 825.015698627401 0.998447072798325
"ppadjpred[27]" 0.0537832698414066 0.000416981222740544 0.0119542693596402 0.0323223483629581 0.0453186217712087 0.0530422216311453 0.0618964749328095 0.0786206745017109 821.888829107936 0.998433916031813
"ppadjpred[28]" 0.0499021854202689 0.000393216074613128 0.0112485115991446 0.0298985683869543 0.0419366412802944 0.0491559388948875 0.0575209047614391 0.0731367072190962 818.32834453537 0.998424870469692
"ppadjpred[29]" 0.0463033607024166 0.000371397526669038 0.0105911924030794 0.0275586059572953 0.0387873520209488 0.0454978036182873 0.0535607223506731 0.0681203613950904 813.226834487573 0.99841972605547
"ppadjpred[30]" 0.0429661110902936 0.000351013142628168 0.00997808402022766 0.0252088286857428 0.0358841646953673 0.0421401841461429 0.0498173811716787 0.0635538920439561 808.067347219693 0.998418254757654
"ppadjpred[31]" 0.0398712790650654 0.000331934224540998 0.00940540704187086 0.0231909740222284 0.0331704438996118 0.0389842760225417 0.0463614899391136 0.0593899559550865 802.88089614211 0.998420216982558
"ppadjpred[32]" 0.03700112063147 0.00031404687258796 0.00886978056528671 0.0214064919924349 0.0306526777686159 0.0361318782904175 0.0430512103340615 0.0554811114833951 797.694882033731 0.998425367259136
"ppadjpred[33]" 0.0343392002661991 0.000297250203915448 0.0083681773528594 0.0197233997578813 0.028366531364073 0.0334264540022724 0.039904521923748 0.0518729646571445 792.533136389769 0.998433459133653
"ppadjpred[34]" 0.0318702937286653 0.000281454759123545 0.00789788362566836 0.0182387781259952 0.0263048806219703 0.0309675182306121 0.0371955365626361 0.0484965125020448 787.416058011987 0.998444249260696
"ppadjpred[35]" 0.0295802981416737 0.000266581083694188 0.00745646313212529 0.0167481768218608 0.0243248627482795 0.02868428910421 0.0345737919750418 0.0453317996881358 782.360816971794 0.998457500714792
"ppadjpred[36]" 0.0274561487944617 0.000252558471016969 0.00704172513785513 0.0154016889762087 0.0224521787071336 0.0265409328585915 0.0320896403650936 0.0424908145003305 777.381603237652 0.998472985574259
"ppadjpred[37]" 0.0254857421620826 0.000239323853407516 0.00665169599250509 0.0141223361469175 0.0207686278385291 0.0246494948450913 0.0298291572575437 0.0399071954964271 772.489900921495 0.998490486846694
"ppadjpred[38]" 0.0236578646734577 0.000226820827580728 0.00628459394214253 0.012967473598371 0.0192183362240483 0.0228717191020277 0.0276859875390788 0.037465785707762 767.694772842212 0.998509799815342
"ppadjpred[39]" 0.0219621267958382 0.000214998801384719 0.00593880687179773 0.0119068551552272 0.0178030899376657 0.0212134174347053 0.0257189973171245 0.0351855040102962 763.003143639233 0.998530732889042
"ppadjpred[40]" 0.0203889020361423 0.000203812249162298 0.00561287268085584 0.0109361444370104 0.0164243207632862 0.0197199716796653 0.0239709813959346 0.0330739078340443 758.420072821441 0.998553108037094
"ppadjpred[41]" 0.0189292704898582 0.000193220063827207 0.00530546201371805 0.010067908314407 0.0151889633093294 0.0182782245013575 0.0223177692339734 0.0310874905878883 753.949011821595 0.998576760885715
"ppadjpred[42]" 0.0175749665961328 0.000183184994569142 0.00501536308878455 0.00927994417748569 0.0140297140959792 0.016975357021214 0.0207773604405219 0.0292046510873528 749.592041324098 0.998601540545953
"ppadjpred[43]" 0.0163183307834613 0.000173673159988839 0.00474146838977963 0.00855432582041802 0.0129270975058361 0.0157519094383964 0.0193586511754531 0.0274484951758347 745.350086867358 0.998627309234944
"ppadjpred[44]" 0.0151522647142348 0.00016465362737443 0.00448276300424885 0.00787337083116633 0.0119444171400304 0.0145837135815904 0.0179650287030627 0.0256910576450754 741.223112039018 0.998653941744041
"ppadjpred[45]" 0.0140701898584271 0.000156098049733051 0.00423831441431139 0.00725383845939942 0.0110458380897012 0.0134919983350407 0.0166705873856108 0.0240813572838466 737.210289542707 0.9986813247991
"ppadjpred[46]" 0.0130660091470508 0.000147980353065119 0.00400726356414178 0.00667345981120019 0.0101918732541897 0.0125232335717446 0.0155269735738678 0.0226278106264763 733.31015108143 0.998709356350413
"ppadjpred[47]" 0.0121340714748236 0.000140276467196873 0.00378881704696507 0.00611958148077332 0.00941491676587206 0.0116090356005402 0.0144317825679459 0.0212284309030375 729.52071743464 0.998737944822735
"ppadjpred[48]" 0.0112691388388582 0.000132964094259596 0.00358224027143294 0.00563250405999613 0.00869930220640476 0.0107796013836835 0.0134243346818342 0.0198975990735789 725.839610356802 0.998767008349585
"ppadjpred[49]" 0.0104663559162524 0.000126022509615377 0.00338685148302508 0.00516854811347283 0.00804115318391192 0.0099912321508552 0.0124874649506283 0.0186795037034774 722.264148040485 0.998796474010562
"ppadjpred[50]" 0.00972122189829842 0.000119448669841979 0.00320201653055928 0.00475311693118727 0.00741706676516365 0.00924665935344662 0.0116353042406917 0.0175353078381499 718.595517036108 0.998826277085856
"ppadjpred[51]" 0.00902956441274283 0.000113308597962677 0.00302714428100665 0.00437919511687091 0.00684587892731317 0.00858445280782044 0.010823321066988 0.0164597236962512 713.740778747172 0.998856360338266
"pradjpred[1]" 0.0467695237830457 0.000562846875579409 0.01653665968498 0.0164590477067111 0.0353830024043237 0.0463104298604026 0.057560609770853 0.0813988892980165 863.207209039222 0.998821146069276
"pradjpred[2]" 0.0433164074731334 0.000517004053556572 0.015181147864993 0.015227248032585 0.0328823387463667 0.0429208104728647 0.0531484189929668 0.0750315678677853 862.226416231935 0.998805441983784
"pradjpred[3]" 0.0401200578025678 0.000475023663447201 0.0139407500704342 0.0140526467632261 0.0305022736092828 0.0398028714847356 0.0491586187989569 0.0690365468285348 861.2749045871 0.998791265215925
"pradjpred[4]" 0.0371612500964932 0.000436576172802823 0.0128055542407999 0.0130389553670904 0.0284093418646993 0.0368581393483664 0.0454951141390043 0.0637313880897547 860.35304746514 0.998778714677575
"pradjpred[5]" 0.0344222087479265 0.000401360192439982 0.0117665024966276 0.0121405732354289 0.0263872299637047 0.0341551941219534 0.0420404571090564 0.0588762743788172 859.461031103393 0.998767889168168
"pradjpred[6]" 0.0318864972801621 0.000369100075527152 0.0108153177248018 0.011303165202774 0.0245116378631736 0.0317081685752772 0.039007805154749 0.0541802136761694 858.598838417021 0.998758886620709
"pradjpred[7]" 0.0295389168028457 0.000339543721663267 0.00994443646814998 0.0105249546339506 0.0227926106270723 0.0293741714217535 0.0361143464284978 0.049828520526194 857.766233503552 0.998751803282435
"pradjpred[8]" 0.027365412216917 0.000312460568430427 0.00914694757810343 0.00976235117627525 0.0211750826567751 0.0272460394877778 0.0334058001919947 0.0459130043089941 856.962747192239 0.998746732836306
"pradjpred[9]" 0.0253529855734435 0.000287639754399769 0.0084165361355679 0.00904027783827677 0.0196296220160065 0.0252253655316274 0.0309592640790033 0.042237178576122 856.187664004258 0.998743765471634
"pradjpred[10]" 0.0234896160373323 0.000264888438937643 0.0077474321875454 0.00837161331638374 0.0182405129561626 0.0234028086122001 0.0286705815594729 0.039081245491716 855.440010907946 0.998742986914391
"pradjpred[11]" 0.0217641859492892 0.0002440302654102 0.0071343638858091 0.00781756393083302 0.0169550635976998 0.0216890785738457 0.026522678112011 0.0361714530910771 854.718548262804 0.998744477429914
"pradjpred[12]" 0.0201664125184908 0.000224903955528463 0.00657251464937734 0.00724951109796749 0.0157052991276216 0.0200791454958323 0.0245587575694498 0.033375138082304 854.021763345087 0.998748310812846
"pradjpred[13]" 0.0186867847144983 0.000207362023621998 0.00605748400494342 0.00672273615883442 0.0145488327279984 0.018602814847137 0.0227701849905617 0.0307543169740957 853.347866834802 0.998754553381082
"pradjpred[14]" 0.0173165049602009 0.000191269600586036 0.00558525178905929 0.00623385828217461 0.0135084480601056 0.0172400123069645 0.0210681382008675 0.0282981853202957 852.694792617542 0.998763262992118
"pradjpred[15]" 0.0160474352582634 0.000176503358121946 0.00515214542298201 0.00581257391340036 0.0125360475760503 0.0159492304760583 0.0194925229968941 0.0260808233961829 852.060201213658 0.998774488101467
"pradjpred[16]" 0.0148720474118574 0.000162950524691439 0.00475480999589101 0.00542005655242317 0.0116198756595912 0.0148014155431115 0.018056727185534 0.0241564599238127 851.441487091636 0.998788266883571
"pradjpred[17]" 0.0137833770265676 0.000150507985337202 0.00439018091487128 0.00506601378219287 0.01076591814576 0.0137200322469554 0.0167251338171456 0.0223108003338368 850.835790052166 0.998804626435855
"pradjpred[18]" 0.012774981004455 0.000139081458192797 0.00405545890081417 0.00468643343573249 0.00997679422337189 0.0127257727064526 0.0154707594609946 0.0205906943340372 850.240010785461 0.998823582086132
"pradjpred[19]" 0.0118408982634878 0.000128584741117867 0.00374808712838043 0.00434708095224628 0.00927145175698806 0.011807307686013 0.0143466726922213 0.0190481019288861 849.650830608555 0.998845136822447
"pradjpred[20]" 0.0109756134360519 0.000118939022456026 0.0034657303255494 0.00402799060425274 0.00859483798274915 0.0109438298417223 0.0133038393434857 0.0177385560144623 849.064735284231 0.998869280862663
"pradjpred[21]" 0.0101740233191816 0.000110072250426595 0.00320625566418184 0.00377025776928933 0.00797234883025156 0.0101475716305421 0.0123068313979611 0.0164454632407924 848.478042712239 0.998895991378557
"pradjpred[22]" 0.00943140586660286 0.000101918556131789 0.00296771528757743 0.00351856165701802 0.00739502391183685 0.00944074800395645 0.0114272955427586 0.0152724301068874 847.886934170583 0.99892523238609
"pradjpred[23]" 0.00874339152879599 0.0000944177255916329 0.00274833033432408 0.00330242795155174 0.00685467470073342 0.00876107987447535 0.010622506233726 0.0141485853655069 847.287488674425 0.998956954809842
"pradjpred[24]" 0.00810593676215008 0.000087514716613292 0.0025464763299194 0.00308009226788401 0.00636703547992673 0.00811329077800391 0.00984454409548051 0.013101855406409 846.675719917184 0.998991096725473
"pradjpred[25]" 0.00751529954199969 0.0000811592166625333 0.00236066982878853 0.0028624992393294 0.00590355273401817 0.00752633044717298 0.00909864696985313 0.0121516026567351 846.047615167685 0.999027583779709
"pradjpred[26]" 0.0069680167269964 0.0000753052382356486 0.00218955619951303 0.0026732554721948 0.00548600412125284 0.00697499152466562 0.00845994255984513 0.0112377387437997 845.399175423 0.999066329782849
"pradjpred[27]" 0.00646088313395173 0.0000699107485327209 0.00203189845540051 0.00249737184467555 0.00508172934045823 0.00645650836858141 0.00783363598211503 0.0104587613752872 844.726456062817 0.999107237464347
"pradjpred[28]" 0.00599093219307297 0.0000649373305100017 0.00188656704103621 0.002333537297836 0.00469779415878003 0.00599458221898633 0.00727712797320505 0.00973089102028479 844.025607220972 0.999150199377836
"pradjpred[29]" 0.00555541806346686 0.0000603498726424305 0.00175253049323035 0.00217746996233244 0.00436598388106826 0.00556177187879062 0.00674984361469405 0.00902750617453886 843.292913084786 0.999195098938223
"pradjpred[30]" 0.00515179909797356 0.0000561162849588718 0.00162884690186994 0.00202289918822988 0.00404293597309598 0.00515947633064606 0.00624307513863108 0.00833913447042495 842.52482935412 0.999241811570238
"pradjpred[31]" 0.00477772255487426 0.0000522072391242153 0.0015146561026549 0.00187373342247182 0.00375317081666154 0.00477766825407096 0.00580205842469449 0.00776214348625657 841.71801813873 0.999290205945355
"pradjpred[32]" 0.00443101046184346 0.0000485959305356829 0.00140917253959867 0.00173556694972753 0.00347050113032132 0.00442623764660761 0.00538357609770084 0.00723753738388018 840.869379642789 0.99934014528227
"pradjpred[33]" 0.00410964654474428 0.0000452578605769688 0.00131167874054859 0.00160835618552098 0.0032123866420486 0.00410057054624975 0.00499462898803324 0.00673620365643511 839.976080076273 0.999391488685228
"pradjpred[34]" 0.00381176414053582 0.0000421706373345839 0.00122151935387674 0.00150636319628864 0.00295850322258002 0.00380054238187554 0.00462596020869618 0.0062404710861748 839.035575340232 0.99944409249443
"pradjpred[35]" 0.00353563501972108 0.0000393137932272359 0.00113809569894794 0.00140100251894454 0.00273765312069027 0.00351444213256628 0.00428997551610811 0.00582260149841994 838.045630152017 0.99949781162353
"pradjpred[36]" 0.00327965904944987 0.0000366686181324393 0.00106086078702652 0.0012947524759823 0.00253800436428896 0.00324830011183719 0.00398208011473151 0.00543478015256899 837.004332402085 0.999552500860679
"pradjpred[37]" 0.00304235463364144 0.0000342180067159046 0.000989314772972676 0.00119790376127753 0.00234947065413562 0.00300411041035311 0.00369596172741254 0.00504181146972366 835.910102660925 0.999608016111735
"pradjpred[38]" 0.00282234987133884 0.0000319463187796483 0.000923000801436582 0.00110800574261815 0.00217453935857497 0.00278459215956015 0.00344097732097716 0.00466844190911647 834.76169887762 0.999664215566856
"pradjpred[39]" 0.00261837437898288 0.0000298392515451396 0.000861501214313237 0.00102395884693952 0.00201264905466625 0.00257959779303899 0.00319447052691412 0.0043604485521934 833.558216426303 0.999720960774744
"pradjpred[40]" 0.00242925172642687 0.0000278837228790737 0.000804434089002985 0.000945377404933928 0.00186943402439861 0.00239272640985841 0.00296725903208071 0.00406704082109166 832.299083759139 0.999778117612015
"pradjpred[41]" 0.00225389244032966 0.0000260677645523637 0.000751450079557094 0.000872826758022803 0.00172891841010962 0.00221832926476144 0.00275234100474455 0.00380255653039579 830.984054011707 0.999835557138543
"pradjpred[42]" 0.00209128753208901 0.0000243804246984555 0.000702229535098906 0.000807887761647468 0.00159604714396002 0.00204693111778399 0.0025578558155 0.00354764134739921 829.613192976552 0.999893156332931
"pradjpred[43]" 0.00194050251073252 0.0000228116787058186 0.000656479872020776 0.000751200767777255 0.00147185283649137 0.00189701486022869 0.0023729294378128 0.00328766064448336 828.186863912302 0.999950798705404
"pradjpred[44]" 0.00180067184418897 0.0000213523478421082 0.000613933178385027 0.000693727117413584 0.00136428374062208 0.00175703743525341 0.00220838419090334 0.00306560836005155 826.705709688972 1.00000837478837
"pradjpred[45]" 0.00167099383513981 0.0000199940249646431 0.000574344030721466 0.000642600021738777 0.00126192276682682 0.0016315535941615 0.00204944085024284 0.00287169616987015 825.170632785452 1.00006578250749
"pradjpred[46]" 0.0015507258802143 0.0000187290067240501 0.000537487505030593 0.000594045102608113 0.00116763627297506 0.00151254567590821 0.00190464078486628 0.00268710963667896 823.582773654378 1.00012292743824
"pradjpred[47]" 0.00143918008366082 0.0000175502317156871 0.000503157365284949 0.000550154271679562 0.00107977942949254 0.00140145001245953 0.00177150531626526 0.00250407740860343 821.943487954279 1.00017972295507
"pradjpred[48]" 0.00133571919881444 0.0000164512240772207 0.000471164414083787 0.000509736616682781 0.000998245702853074 0.00129971480553962 0.0016477626941743 0.00233272049620596 820.254323121487 1.00023609028132
"pradjpred[49]" 0.00123975287270192 0.000015426042070908 0.000441334991369736 0.000473063858812508 0.000923653767726146 0.0012060759445937 0.00152936772628526 0.00217940389119841 818.516994717329 1.00029195844931
"pradjpred[50]" 0.00115073417099223 0.0000144692312260552 0.000413509608270422 0.000437343065571291 0.000851779063984839 0.00111862234233418 0.0014204561939124 0.00202076861249575 816.733362941921 1.00034726418086
"pradjpred[51]" 0.00106815636222539 0.000013575781651127 0.000387541704191828 0.00040734490574397 0.000786162792086311 0.00103639447195596 0.00131831060576713 0.00188539741103226 814.905409657124 1.00040195169834
"propnPrimI[1]" 0.514185310839517 0.00447791355536804 0.128442167226743 0.287044976093048 0.419694602152957 0.507584584911228 0.59425640017394 0.797095083457502 822.742323660141 0.998794336600585
"propnPrimI[2]" 0.477301515009689 0.00450549577905267 0.129179003516617 0.255801975678041 0.381744250157882 0.468097535035295 0.55563501611206 0.770318833476673 822.050855891107 0.998825368997046
"propnPrimI[3]" 0.495913099969961 0.00449674210218408 0.128958414198738 0.271293137174432 0.400755207539908 0.488014414877026 0.57524836443388 0.784137762296393 822.4384517183 0.998808405765875
"propnPrimI[4]" 0.645620826988159 0.00404792101436207 0.116088307429719 0.418186938821806 0.563537535416649 0.647917861502836 0.723351604690388 0.87520603612283 822.456427703671 0.998755933066
"propnPrimI[5]" 0.734964612715842 0.00345733924313079 0.0989619094868478 0.528522174010664 0.668179985615945 0.741606038610293 0.803068058005672 0.916232768635603 819.317330849462 0.998779558667611
"propnPrimI[6]" 0.632014004472073 0.00411640488417426 0.118070237099512 0.403013798799475 0.548058430853894 0.633485001394887 0.710629949511224 0.868194988572501 822.706069016363 0.998755486799086
"propnPrimI[7]" 0.517353020472746 0.00447362415486379 0.128322625241523 0.289831979173942 0.423005391228264 0.51097820339213 0.59752632365491 0.799282451319079 822.787115950872 0.998792146069069
"propnPrimI[8]" 0.491461527540812 0.00449979657136844 0.129039293504105 0.26753789061954 0.396182225017655 0.483248692842506 0.570580138574371 0.780890874477082 822.35283185226 0.99881221486095
