"mean" "se_mean" "sd" "2.5%" "25%" "50%" "75%" "97.5%" "n_eff" "Rhat"
"pp0" 0.409611082924741 0.00278471469384632 0.0980227437563194 0.241812405146786 0.340864412270421 0.401272312802889 0.470524633549596 0.632638083592014 1239.05988431363 0.999303972251216
"pr10" 0.148906429564804 0.00169118563019558 0.0555320964385962 0.0572900590441475 0.106148321099467 0.145271238656122 0.186098463488535 0.268147060128727 1078.21551973371 1.00480755541936
"pr20" 0.0458855306940367 0.000964613704997014 0.0296417253932719 0.00303203685466399 0.0224674876034625 0.0414659712927739 0.0656181373532729 0.110519162117083 944.278503703596 1.00331718254953
"xstar" 0.0897796671024148 0.000224272439508149 0.00802836526465073 0.074153997273929 0.0844792196979462 0.0894771627248413 0.0950575557565162 0.105572996914725 1281.45226292648 1.00017655444307
"b1" 0.398432333349632 0.00663604498571135 0.202342087614065 0.112679435441596 0.239852536559981 0.360848913167972 0.516118878677237 0.881719118706868 929.723503123026 1.00409104399633
"b2" 0.365452026315322 0.0104306247355698 0.26666150075622 0.0161386462177609 0.149370261847011 0.303591582667779 0.550340586543696 0.931745507784331 653.581869009579 1.00855382428096
"ppadjpred[1]" 0.409611082924741 0.00278471469384632 0.0980227437563194 0.241812405146786 0.340864412270421 0.401272312802889 0.470524633549596 0.632638083592014 1239.05988431363 0.999303972251216
"ppadjpred[2]" 0.374157165893332 0.00250358791675953 0.0882561158001841 0.222750053732329 0.311586943796796 0.366911991275315 0.428833922011112 0.573055661793748 1242.69321275816 0.999284183440211
"ppadjpred[3]" 0.341794304777833 0.00225288004542608 0.0795398761807557 0.204147822760023 0.285809901969677 0.335629036688538 0.390866661892619 0.518569630779104 1246.50402302723 0.999263851404651
"ppadjpred[4]" 0.312251074474943 0.00202928205782536 0.0717597763458558 0.187616330349143 0.261563467057711 0.306471347360633 0.356678695401468 0.469250493762613 1250.48164651389 0.999243287068656
"ppadjpred[5]" 0.285280051717019 0.00182983573905807 0.064813664198746 0.173008848410194 0.2398385360189 0.28075275752456 0.325318059150344 0.424607999645752 1254.61055829391 0.999222837710258
"ppadjpred[6]" 0.260655677892345 0.00165189701008789 0.0586102300081207 0.158339270283987 0.219356178969427 0.256692489174194 0.297428473547732 0.384601072470838 1258.87009615376 0.999202881928781
"ppadjpred[7]" 0.238172313463142 0.0014931031445904 0.0530678842278509 0.144968715453462 0.200623890234805 0.234961306627818 0.272057492814706 0.349344978023543 1263.23434781118 0.999183822613833
"ppadjpred[8]" 0.217642466689414 0.00135134346720244 0.0481137533331637 0.132439317425506 0.183157500612407 0.214792228113392 0.248766718859171 0.318646547844661 1267.67224491059 0.999166078005294
"ppadjpred[9]" 0.198895180937643 0.00122473316555526 0.0436827810951061 0.12189179056843 0.167629670848072 0.196704480855393 0.22708926774649 0.289155142243501 1272.14789382663 0.999150071098443
"ppadjpred[10]" 0.181774566280597 0.00111158988327117 0.0397169239035563 0.111845166425855 0.153327510921254 0.180127965293991 0.20777818225122 0.26405349433 1276.62115969511 0.99913621781779
"ppadjpred[11]" 0.166138462391359 0.0010104127923155 0.0361644298348396 0.102022118775425 0.140261412079834 0.164533700223708 0.189977213706637 0.240854425742733 1281.04850200688 0.999124914536276
"ppadjpred[12]" 0.151857220913098 0.000919863871416481 0.0329791921645208 0.0931969443796944 0.12808574325642 0.149971445317146 0.173932912290258 0.220660626753018 1285.384039013 0.99911652563114
"ppadjpred[13]" 0.138812596557016 0.000838751143335125 0.0301201689664563 0.0855052412456051 0.116930432097725 0.1368379840739 0.159267709649919 0.201272091728554 1289.58079637751 0.999111371823942
"ppadjpred[14]" 0.126896737154075 0.000766013648134174 0.0275508613277851 0.0781122527982879 0.106788017449713 0.125074566760947 0.145570443855561 0.184756425004988 1293.59207578751 0.999109720036598
"ppadjpred[15]" 0.116011263770666 0.000700707952674385 0.0252388435524037 0.071629418782095 0.0975038602850504 0.114233319442678 0.133051312782836 0.168973235198791 1297.37286448696 0.99911177540414
"ppadjpred[16]" 0.106066432802317 0.000641996018606471 0.0231553395230435 0.0654446544621935 0.0889846635624085 0.104188000861306 0.121500012674648 0.154572842880853 1300.88119936158 0.999117675926212
"ppadjpred[17]" 0.0969803726902982 0.000589134272198724 0.0212748401398421 0.0596881480984834 0.0813315155431461 0.0953287090759272 0.110979805089588 0.14142958186604 1304.07940069876 0.9991274900313
"ppadjpred[18]" 0.0886783885703155 0.000541463739349018 0.0195747574435089 0.0545246327889526 0.0743700287124475 0.0872146060304991 0.101620101211632 0.129215083706527 1306.93510116548 0.99914121709656
"ppadjpred[19]" 0.081092328766344 0.000498401127854482 0.0180351116548703 0.0497509527893932 0.0679687918394208 0.079530367345153 0.0930158548873545 0.11814993193233 1309.42201356687 0.999158790740553
"ppadjpred[20]" 0.0741600075917359 0.000459430756164007 0.0166382479117587 0.0452436698422286 0.0619917021121369 0.0727257190509386 0.0851127205708863 0.108738857232552 1311.52040407995 0.999180084512946
"ppadjpred[21]" 0.0678246794189108 0.000424097243129794 0.0153685799537305 0.0409479364046498 0.0565097575660823 0.0665562544998677 0.0779279734916291 0.0995432427005114 1313.21726273597 0.999204919464012
"ppadjpred[22]" 0.062034559432841 0.000391998886479771 0.0142123583938146 0.037673547406344 0.0515973006726051 0.0606695049764849 0.0715256378268344 0.091292900733707 1314.50618672115 0.999233072998252
"ppadjpred[23]" 0.0567423868962911 0.000362781668739323 0.0131574615276882 0.0340860670662379 0.0470991078559079 0.0554440313770875 0.0654567330717489 0.0845232227143768 1315.38701186123 0.999264288401105
"ppadjpred[24]" 0.0519050271301126 0.000336133838158418 0.0121932068716163 0.0309180038844394 0.0429306841770495 0.0507534438069716 0.0599818865483436 0.0777615096673637 1315.86524164174 0.999298284467769
"ppadjpred[25]" 0.0474831087532439 0.000311781019000203 0.01131018180152 0.0283282991240444 0.0391318027429478 0.0463678764037235 0.0549059374907775 0.0715457280369592 1315.95133056982 0.999334764744929
"ppadjpred[26]" 0.0434406930375301 0.00028948181057782 0.0105000917986776 0.0256765893253728 0.0357614629637193 0.0424613021079249 0.0502900878216216 0.0657756435411897 1315.65987988594 0.999373426003356
"ppadjpred[27]" 0.0397449725148554 0.000269023838015257 0.00975562490521139 0.0231893755020097 0.0325984408822594 0.0387888624674655 0.0461357557230354 0.0608120595749347 1315.00879963541 0.999413965676252
"ppadjpred[28]" 0.0363659962309409 0.000250220220210245 0.00907033106625555 0.0211668783924479 0.0297506393200029 0.0354473273809478 0.0422901304230016 0.0562991767812388 1314.01848339622 0.999456088111207
"ppadjpred[29]" 0.0332764192738196 0.000232906422235405 0.00843851509542495 0.0191229042701048 0.0271282559842783 0.032431001511866 0.0388074330563917 0.0519704681156016 1312.71103213116 0.999499509583345
"ppadjpred[30]" 0.0304512744175659 0.000216937460729664 0.00785514205369357 0.0173336035916297 0.024667517464377 0.0296556006791614 0.0355686182901459 0.0480253938672403 1311.10955314494 0.999543962097744
"ppadjpred[31]" 0.0278677639152478 0.000202185431947498 0.00731575388452831 0.0157626546103785 0.0224921089633527 0.0270599667801945 0.0325792248402743 0.0442536427466397 1309.23755013016 0.999589196068557
"ppadjpred[32]" 0.0255050696510298 0.000188537333224483 0.00681639620351325 0.0143059199123341 0.0205162594651138 0.0247449626379392 0.0298425942689505 0.0406321492787456 1307.11841155995 0.999634982001017
"ppadjpred[33]" 0.0233441800214557 0.000175893149796147 0.00635355420034656 0.0130017146423372 0.0186968745109082 0.0225763374272422 0.0273829650703758 0.0376109520510652 1304.77499764937 0.999681111323231
"ppadjpred[34]" 0.0213677320616324 0.000164164180229918 0.00592409667525153 0.0118155536793046 0.0170426753804332 0.0206105085734268 0.0251000475862594 0.034797130966933 1302.22932088374 0.999727396520776
"ppadjpred[35]" 0.0195598674646171 0.000153271575211072 0.00552522729982574 0.0107026987168657 0.015555311479473 0.0187875855805225 0.022984207576779 0.0322116944595696 1299.50231160518 0.999773670722403
"ppadjpred[36]" 0.0179061012629687 0.000143145066046538 0.00515444226291491 0.00964188174786735 0.0141233645072533 0.0171709679849049 0.0210746528079641 0.0298152204075898 1296.61365812711 0.999819786873125
"ppadjpred[37]" 0.0163932020512442 0.000133721860980222 0.00480949353375369 0.00871382081727176 0.012841461508483 0.0156733875875052 0.0193323176923972 0.0276153373610779 1293.58171002022 0.999865616614622
"ppadjpred[38]" 0.0150090827281729 0.000124945689206572 0.00448835704586058 0.00793111782734379 0.011677742349488 0.0143440930958726 0.0177088097195826 0.0254003401036998 1290.42343327635 0.999911048974713
"ppadjpred[39]" 0.013742700828231 0.000116765974280091 0.00418920517464823 0.00715975454285553 0.0106559527486986 0.0131168623815396 0.0162428002777459 0.0236044054172109 1287.15440673236 0.99995598894924
"ppadjpred[40]" 0.0125839675951596 0.000109137120405829 0.00391038294827645 0.00650836474181441 0.00970902089652407 0.011967240861606 0.0149385717461329 0.0218808327781918 1283.78885018705 1.00000035604244
"ppadjpred[41]" 0.0115236650253749 0.000102017896824064 0.00365038749406701 0.00589025288849599 0.00882134729912255 0.0109289514421769 0.0137116497619505 0.020297194910583 1280.33967588551 1.00004408281633
"ppadjpred[42]" 0.0105533701778662 0.0000953709071439192 0.00340785028121159 0.00533205971182033 0.0080344455286784 0.00998584103562467 0.0125990522207011 0.0187127418006921 1276.81855633963 1.00008711348612
"ppadjpred[43]" 0.00966538610967827 0.0000891621320155998 0.00318152177418112 0.00482186212586319 0.00731884674633438 0.00911804211261241 0.0115387261326052 0.0172653608945903 1273.23600270646 1.0001294025876
"ppadjpred[44]" 0.00885267885299196 0.0000833605349468735 0.00297025816003669 0.00438060207143797 0.00666050907271035 0.00833624043739663 0.0105596392975208 0.0158992819525878 1269.60144909932 1.00017091373315
"ppadjpred[45]" 0.00810881990163592 0.0000779377223600398 0.00277300985677115 0.00395433516940695 0.00608114983837098 0.00762376345071011 0.00966836739014046 0.0146471809631648 1265.9233392273 1.00021161846585
"ppadjpred[46]" 0.00742793372206081 0.0000728676501498376 0.00258881154902719 0.00357939631279383 0.00554740583720995 0.00697868729764133 0.00886415281621791 0.0135422659418363 1262.20921263554 1.0002514952159
"ppadjpred[47]" 0.00680464984678661 0.0000681263700433492 0.00241677353228665 0.00323130688240672 0.0050613122346112 0.00639033173234762 0.00814564860942336 0.0125215673353735 1258.4657885516 1.00029052835899
"ppadjpred[48]" 0.00623405914748041 0.0000636918099856353 0.00225607417721181 0.00291943621199575 0.00460808755300215 0.00583172694754794 0.00748169693913629 0.011576899296615 1254.69904594245 1.00032870737382
"ppadjpred[49]" 0.00571167392047783 0.0000595435835871939 0.00210595335258454 0.00263081626395426 0.00419706597652 0.00534341153620444 0.00686548848686746 0.0107260942570949 1250.91429886489 1.00036602609377
"ppadjpred[50]" 0.00523339145003977 0.0000556628243801084 0.00196570666858756 0.00238266695863383 0.00382518484852777 0.00489144080561654 0.006301289703926 0.00990386045877403 1247.11626656703 1.00040248204622
"ppadjpred[51]" 0.00479546074422271 0.0000520320412482436 0.0018346804223608 0.0021496814320159 0.00347581046974932 0.00446816383429659 0.00577562284823316 0.00917072837941639 1243.3091380845 1.000438075873
"pr1adjpred[1]" 0.148906429564804 0.00169118563019558 0.0555320964385962 0.0572900590441475 0.106148321099467 0.145271238656122 0.186098463488535 0.268147060128727 1078.21551973371 1.00480755541936
"pr1adjpred[2]" 0.135970171374406 0.00153353896127003 0.0502713144191386 0.0525919054889488 0.0972545211339118 0.132748986876612 0.170220457002652 0.242122036456506 1074.60993878817 1.0049131163915
"pr1adjpred[3]" 0.124165778920669 0.00139115670281296 0.0455306770093982 0.0481015868018246 0.088690216218155 0.120997753367246 0.155089737557011 0.218964316177909 1071.16435145296 1.0050169805383
"pr1adjpred[4]" 0.113393523033361 0.00126252455975427 0.0412575924790998 0.0439949114699683 0.0811313659429368 0.110339640502886 0.141555255618123 0.200060383452612 1067.89386942896 1.00511877854115
"pr1adjpred[5]" 0.103562522485993 0.0011462804486361 0.037404823034275 0.0402478604869476 0.0745211261304056 0.100957551338133 0.129281546942376 0.182125286432929 1064.81323079719 1.0052181307468
"pr1adjpred[6]" 0.0945899536654126 0.00104119909325125 0.0339299398219938 0.0371896539330925 0.0682602019128979 0.0922148618253376 0.117954774395477 0.1655879645163 1061.93666640011 1.00531465035113
"pr1adjpred[7]" 0.0864003313096748 0.000946178186787403 0.0307948334352727 0.0343700393583756 0.0625700063271052 0.0842517448710275 0.108065571243217 0.150469808627648 1059.27776349383 1.00540794697254
"pr1adjpred[8]" 0.0789248538814144 0.000860225960412909 0.0279652742511389 0.0315965941002329 0.0574025934810584 0.0767661490330177 0.0986425256688995 0.136257508269526 1056.84932865104 1.00549763057177
"pr1adjpred[9]" 0.0721008077299749 0.000782450014663884 0.0254105175140909 0.0287963503315521 0.052394600588878 0.0700164080712713 0.0900152181323967 0.123498778895209 1054.66325208152 1.00558331566029
"pr1adjpred[10]" 0.0658710247278732 0.000712047284725632 0.0231029485973234 0.0266847786173247 0.0480411251301651 0.064060740559163 0.0822023896849707 0.113300185280938 1052.73037568143 1.00566462572418
"pr1adjpred[11]" 0.0601833885507221 0.000648295023919579 0.0210177643411485 0.0244433957757446 0.044016464357866 0.0585181318975153 0.0751116881508521 0.103731541893939 1051.06036721361 1.00574119777725
"pr1adjpred[12]" 0.0549903852089975 0.000590542701565543 0.0191326867874928 0.022292093552208 0.0402008782777934 0.0535531929327422 0.0687164380503545 0.0950756534350227 1049.66160305175 1.0058126869459
"pr1adjpred[13]" 0.0502486938391045 0.000538204722029077 0.0174277060060668 0.0203004367631419 0.0369462585185311 0.0489254680339062 0.0627093555690465 0.086858073403016 1048.54106188462 1.00587877097972
"pr1adjpred[14]" 0.0459188141237668 0.000490753881309875 0.0158848490461327 0.0188240009024291 0.0337797946344161 0.0446464029256177 0.0572170463221175 0.079087447320359 1047.70423166827 1.00593915457715
"pr1adjpred[15]" 0.0419647270411977 0.000447715486092937 0.0144879723516649 0.0172802145398006 0.0309136714633691 0.0408598745568592 0.0522716640406487 0.0718216530382589 1047.15503193333 1.00599357341517
"pr1adjpred[16]" 0.0383535859418559 0.000408662067869848 0.0132225752505862 0.015952057790745 0.0283367837521266 0.0372834031537483 0.0477361675629255 0.0654793180401171 1046.89575330293 1.00604179777548
"pr1adjpred[17]" 0.0350554352236078 0.000373208631633885 0.0120756323738096 0.0148465972560703 0.0259328633571476 0.0340732985784509 0.0435848902246477 0.0595756026453587 1046.92701575965 1.00608363566867
"pr1adjpred[18]" 0.0320429541233256 0.000341008384840659 0.011035443079819 0.0136389486126215 0.0237112631809229 0.0311306611620406 0.0398944965012341 0.0543272381116347 1047.24774682498 1.00611893537037
"pr1adjpred[19]" 0.0292912233676195 0.000311748897878523 0.0100914961579968 0.0124910915856665 0.0216768821117237 0.0283929142959899 0.0365181858837664 0.0496794962445585 1047.85518039429 1.00614758730034
"pr1adjpred[20]" 0.0267775126296054 0.000285148652275084 0.0092343482611125 0.011425598285943 0.0198198920949256 0.0259197007758381 0.0334269525635479 0.0457107304696883 1048.74487651712 1.00616952519537
"pr1adjpred[21]" 0.0244810869242175 0.000260953937336535 0.00845551467634314 0.0104542479323178 0.0181395195769585 0.0237050171817454 0.0304880475705107 0.0419789402059625 1049.91076194313 1.00618472654877
"pr1adjpred[22]" 0.022383030243297 0.000238936059927565 0.00774737118674031 0.00949515692627153 0.0165819109042216 0.0216390067930962 0.0278172623764927 0.0384464551519851 1051.34519078417 1.00619321231257
"pr1adjpred[23]" 0.0204660848850691 0.000218888835698529 0.00710306590282763 0.00864166844730842 0.0151353399798324 0.0197928449862106 0.0254153670052205 0.0352984808294394 1053.03902419061 1.00619504588151
"pr1adjpred[24]" 0.0187145050720575 0.00020062633329561 0.00651644005850382 0.00786798843642126 0.0138297759812967 0.0180734145224523 0.0232309453720541 0.0323772525533287 1054.98172752062 1.00619033139977
"pr1adjpred[25]" 0.0171139235782695 0.000183980845986952 0.00598195686798265 0.00711793811112311 0.0126611646344049 0.0165086726128631 0.0212413979928325 0.0297730107816852 1057.1614831102 1.00617921145076
"pr1adjpred[26]" 0.0156512302017511 0.000168801067737244 0.00549463763234541 0.00644148204326801 0.0115648640792875 0.0150677799457591 0.0193735131712899 0.0272994511424529 1059.56531644086 1.00616186420691
"pr1adjpred[27]" 0.0143144610234305 0.000154950453095747 0.00505000436652185 0.00589681411246719 0.0105612643684129 0.0137793876075148 0.0177311086037707 0.0248808441553244 1062.17923326156 1.00613850012878
"pr1adjpred[28]" 0.0130926974884867 0.000142305742355692 0.00464402829115526 0.00536979280696994 0.00963277475355423 0.0125786211706258 0.0161959902623481 0.0229280088751599 1064.98836505772 1.00610935831134
"pr1adjpred[29]" 0.0119759744331573 0.000130755635321234 0.00427308359975603 0.0049120487198859 0.00880340417224197 0.0114609630324689 0.0148654215307847 0.0211479333632164 1067.97712017491 1.00607470257931
"pr1adjpred[30]" 0.0109551962587383 0.0001201995987038 0.00393390597062824 0.0044471512779776 0.00801265800204384 0.0104740640705088 0.0135748927103055 0.0193674434756146 1071.12933789912 1.00603481743361
"pr1adjpred[31]" 0.0100220605262305 0.000111375930211679 0.00362355534600723 0.00401600591291775 0.00731658737234462 0.00961405587206616 0.0124245138423769 0.017771676566145 1058.49085355076 1.00599000394709
"pr1adjpred[32]" 0.00916898831030616 0.00010325477726212 0.00333938254834003 0.00368437231442586 0.00667838016223708 0.00880504333144909 0.0113475203945699 0.0164527559058816 1045.95268243352 1.00594057570065
"pr1adjpred[33]" 0.00838906071059916 0.00009573932683329 0.00307899934627272 0.00336487169435118 0.00612332313987182 0.00805296734456159 0.0103848486444284 0.0152121166086935 1034.28078013531 1.00588685484165
"pr1adjpred[34]" 0.00767596097229052 0.0000887679299963934 0.00284025162121323 0.00306110801758262 0.00558207475457413 0.00735862793775066 0.00949926044800241 0.0140319112956092 1023.76775727533 1.00582916833447
"pr1adjpred[35]" 0.00702392171706244 0.0000817188763939281 0.00262119531979 0.00278153527528634 0.00510575647438361 0.00670866084586404 0.00870481173413052 0.0128930792470446 1028.85457827476 1.00576784446122
"pr1adjpred[36]" 0.00642767683016586 0.0000752643903983176 0.00242007490854632 0.00253343691182916 0.00466998953270075 0.0061384940174425 0.00795868515620979 0.0118717264409349 1033.89996576752 1.005703209617
"pr1adjpred[37]" 0.00588241758999333 0.0000693509802599629 0.00223530407516985 0.00229677910244858 0.00425717208306732 0.00561797093111862 0.00727000719371197 0.0109363925366741 1038.88628174318 1.00563558543152
"pr1adjpred[38]" 0.0053837526635344 0.0000639302377805887 0.00206544844578316 0.00209849090633405 0.00388219109238943 0.00512051717865612 0.00664452150981915 0.0100619098272081 1043.79708379436 1.00556528623667
"pr1adjpred[39]" 0.0049276716247474 0.0000589583384691012 0.00190921011060273 0.00189914604321273 0.00354211603099087 0.00469522570379258 0.00608265019548443 0.0092498684243682 1048.61720544008 1.0054926168884
"pr1adjpred[40]" 0.00451051168351063 0.0000543955913725252 0.00176541377086336 0.00172357566789882 0.00322890638183931 0.0042783843703665 0.00555303944958324 0.00849764945085411 1053.33281591229 1.00541787094145
"pr1adjpred[41]" 0.00412892734069203 0.0000502060336767995 0.00163299433852425 0.00156030129688806 0.00294298230602946 0.00391366731349038 0.00507784454257325 0.00785138044632349 1057.93145989781 1.00534132916717
"pr1adjpred[42]" 0.00377986271024784 0.0000463043220149675 0.00151098583711776 0.00141933083266999 0.00269096488939838 0.00356396789137775 0.0046566050080803 0.00730842684811674 1064.82374682229 1.00526325839795
"pr1adjpred[43]" 0.00346052627235468 0.0000426825968511415 0.00139851146734412 0.00129322344260021 0.00243931628094918 0.00325429531376258 0.00424792607289727 0.00680651883493579 1073.57006840193 1.0051839106765
"pr1adjpred[44]" 0.00316836784260122 0.0000393595237776075 0.0012947747148075 0.00118015358661054 0.00222738574273069 0.00297166539982437 0.00389671515312546 0.00626848688214909 1082.15320242273 1.00510352268453
"pr1adjpred[45]" 0.00290105756140283 0.000036309040697595 0.00119905138976602 0.00107769729250461 0.00202855666918767 0.00271600074022827 0.00356619970357497 0.00575493559938764 1090.55115986663 1.00502231542301
"pr1adjpred[46]" 0.00265646672522426 0.0000335074776268361 0.00111068250005177 0.000976734828169007 0.00185516215454129 0.00248523880246867 0.00327047560648901 0.00528345851949036 1098.74366924503 1.00494049411485
"pr1adjpred[47]" 0.00243265029705808 0.0000309704111234549 0.00102906786851407 0.000894262843152026 0.00169570856715506 0.00227048114188575 0.00299702855994369 0.00485060850485397 1104.06360823135 1.00485824830084
"pr1adjpred[48]" 0.00222783094804846 0.0000286553694416009 0.000953660415549044 0.000808417921206477 0.00154426598189875 0.00207559332105785 0.00274589608573021 0.00445994748176815 1107.58097873333 1.00477575210015
"pr1adjpred[49]" 0.00204038449530119 0.0000265206163158018 0.000883961035588484 0.000732039324386021 0.00140891592383749 0.00189493318932662 0.0025191405781302 0.0041467610758489 1110.96152617952 1.00469316460784
"pr1adjpred[50]" 0.00186882661289615 0.0000245512930863582 0.000819514003911993 0.000661656512597548 0.0012820098513362 0.00173423754837103 0.00230856176684584 0.00384123805686763 1114.20221327179 1.00461063040388
"pr1adjpred[51]" 0.00171180070402413 0.0000227338507230542 0.000759902856892395 0.000601168033153823 0.00116825757318648 0.00158674314190313 0.00211123479445982 0.00354445586294773 1117.30089485641 1.00452828014982
"pr2adjpred[1]" 0.0458855306940367 0.000964613704997014 0.0296417253932719 0.00303203685466399 0.0224674876034625 0.0414659712927739 0.0656181373532729 0.110519162117083 944.278503703596 1.00331718254953
"pr2adjpred[2]" 0.0418962967416996 0.000879261718801927 0.0269722516766411 0.00276664192872008 0.020524059535768 0.0379597509935887 0.0600255910085645 0.10004090322547 941.018315062732 1.00333896167898
"pr2adjpred[3]" 0.0382563059972351 0.000801639670978151 0.024549273896918 0.00251692425392562 0.0186897406016677 0.0348497126046005 0.0550110463885428 0.090989716071054 937.818726379969 1.00335903032512
"pr2adjpred[4]" 0.0349347738412318 0.00073103363850837 0.0223495543003362 0.00229388442697668 0.0170544160234862 0.0319683182482907 0.0502424355027276 0.0825042961682402 934.680130595744 1.00337736586617
"pr2adjpred[5]" 0.0319036474834449 0.000666796702655753 0.0203520821758593 0.00209061042395047 0.0156302578851749 0.0292434387956955 0.0459281677760954 0.0751565592720792 931.602848871611 1.00339394955301
"pr2adjpred[6]" 0.0291373619360638 0.000608342577095044 0.0185378576547103 0.00190548320637953 0.0143175444232574 0.0267049416099169 0.0419791208083772 0.0683179200942979 928.587128927725 1.00340876664779
"pr2adjpred[7]" 0.0266126179270914 0.000555139848747539 0.0168896967157437 0.00173691695740022 0.0130791189555061 0.0244670954363399 0.0382685660059336 0.0622717775737793 925.63314361113 1.00342180654557
"pr2adjpred[8]" 0.0243081797685892 0.000506706771822096 0.0153920552985649 0.00158326294801072 0.011969320303376 0.0224133674270487 0.0350595695573901 0.0567321970106919 922.740989712373 1.00343306287774
"pr2adjpred[9]" 0.0222046913753122 0.000462606561394772 0.01403087063551 0.00144320194458665 0.0109920054477011 0.020538043152049 0.0319773073511934 0.0516031794823497 919.910687046726 1.00344253359563
"pr2adjpred[10]" 0.020284508793463 0.000422443138113807 0.0127934181017854 0.00131553142321123 0.0100446547151075 0.0188220514928355 0.0292540633289585 0.0471976366296521 917.142177814862 1.00345022103341
"pr2adjpred[11]" 0.0185315477484629 0.000385857280351969 0.0116681820523778 0.00119915524447407 0.0091759398203186 0.0172381431272525 0.0266448431327837 0.042885968991016 914.435326256128 1.00345613194914
"pr2adjpred[12]" 0.0169311448561609 0.000352523144396313 0.0106447392666683 0.00109568179366035 0.00834998977257425 0.0157241309742866 0.0242471158961599 0.0389318065310811 911.789918605628 1.00346027754314
"pr2adjpred[13]" 0.0154699312650243 0.000322145117112787 0.00971365375875205 0.00100115528393005 0.00759469708844717 0.0143937853818469 0.0221563313158154 0.0354389028551917 909.205663364299 1.00346267345309
"pr2adjpred[14]" 0.0141357176087289 0.000294454968991556 0.00886638183480199 0.000914783752308814 0.00694384601738334 0.0131922819100309 0.0202731974619177 0.0323502160498909 906.682191888755 1.0034633397254
"pr2adjpred[15]" 0.0129173892502222 0.000269209278606116 0.00809518638981861 0.000835811975841053 0.0063726831433464 0.011993827119998 0.0185378643075764 0.0295683884907269 904.219059305364 1.00346230076269
"pr2adjpred[16]" 0.0118048108907065 0.000246187102339036 0.0073930595360087 0.000763752138924015 0.00583471843868263 0.0110175587227382 0.0169542270381094 0.0270613047215859 901.815745750322 1.00345958524734
"pr2adjpred[17]" 0.0107887397009389 0.000225187865770017 0.00675365274496179 0.00069786181893398 0.00528957275622871 0.0100324170820859 0.0154897262733672 0.0248019059138096 899.47165793486 1.00345522604142
"pr2adjpred[18]" 0.00986074620853738 0.000206029455415292 0.00617121376674046 0.000644651390940586 0.00482210208526705 0.00918407508148392 0.0141453267768806 0.0227293314284005 897.186131032009 1.00344926006348
"pr2adjpred[19]" 0.00901314224432905 0.000188546491575937 0.00564052966187601 0.000597797036207073 0.00440010347674076 0.00837294193997883 0.0129077569824407 0.020758802837263 894.958430878459 1.0034417281429
"pr2adjpred[20]" 0.00823891531380135 0.000172588764918561 0.00515687534787341 0.000554351154232027 0.00402338728964431 0.00762821453087673 0.0118100192645634 0.0190766651412365 892.787756482426 1.00343267485274
"pr2adjpred[21]" 0.00753166881701419 0.000158019821095273 0.00471596712090845 0.00051384010302934 0.00367805940926283 0.00698657785559754 0.0108192816201676 0.0174477881477927 890.673242825563 1.00342214832235
"pr2adjpred[22]" 0.00688556759241131 0.00014471567922855 0.00431392066660101 0.000466598829321144 0.00337245721357507 0.00639791309110182 0.00987842688160002 0.015991368937947 888.613963944422 1.00341020003091
"pr2adjpred[23]" 0.00629528830731974 0.000132563671457195 0.00394721312166016 0.000423701209196858 0.00308899684173877 0.0058669545589059 0.0090418205222525 0.0146296352653088 886.608936274407 1.00339688458366
"pr2adjpred[24]" 0.00575597426097366 0.000121461391976252 0.00361264879134931 0.000384747825852655 0.00280420995260139 0.00534305557160341 0.00827809208715408 0.0134669316082049 884.657122236768 1.00338225947241
"pr2adjpred[25]" 0.00526319420504034 0.00011132622511124 0.00330732816658885 0.000345308109645063 0.00256863128015626 0.00489169652419743 0.00756616359577274 0.0123414436063172 882.591240417222 1.0033663848222
"pr2adjpred[26]" 0.00481290482221508 0.000102065676182805 0.00302861991952868 0.000309829256691833 0.00234958723644837 0.00447734499838115 0.00692363818864201 0.0113166467810866 880.50152933941 1.00334932312619
"pr2adjpred[27]" 0.00440141653581543 0.0000935968295648389 0.00277413558796748 0.000283099709466656 0.00214036756439572 0.00409945494765507 0.00634753810382089 0.0104275850153099 878.48245349049 1.00333113897065
"pr2adjpred[28]" 0.00402536235273578 0.0000858502017016442 0.00254170668741765 0.00025867617008106 0.00195331545579056 0.0037544997173479 0.00580276624146253 0.0096221613799979 876.532903665988 1.00331189875246
"pr2adjpred[29]" 0.00368166946888915 0.0000787625541808549 0.00232936401522459 0.000236359694942346 0.00178771628539177 0.00342104231980603 0.00528176204606336 0.00879159084759861 874.651693540641 1.0032916703911
"pr2adjpred[30]" 0.00336753339060664 0.000072257078824523 0.00213531893422779 0.000215962047608124 0.00162940747814941 0.00312617550334962 0.00480418562046381 0.00803904395077607 873.302496779379 1.00327052303738
"pr2adjpred[31]" 0.00308039434760701 0.0000663000880147036 0.00195794644425046 0.000197299304283158 0.00148844078798569 0.00285494941990587 0.0043884259934043 0.00738680789170032 872.114298396519 1.00324852678113
"pr2adjpred[32]" 0.00281791579328982 0.0000608487758889655 0.00179576986845137 0.000180249512094655 0.00136340221302524 0.00261401026843023 0.00402063921345259 0.00677236508052281 870.958914592882 1.00322575236004
"pr2adjpred[33]" 0.00257796480642672 0.0000558589756671583 0.00164744699847118 0.000163602728278558 0.00124828527796886 0.00238921512433683 0.00368040139323856 0.00620826646603608 869.835178985574 1.00320227087147
"pr2adjpred[34]" 0.00235859422499343 0.0000512904794433408 0.00151175755753953 0.000148288551632417 0.0011406826751331 0.0021784486867972 0.00336475603235742 0.00570082167987414 868.741922134002 1.00317815348963
"pr2adjpred[35]" 0.00215802635804873 0.0000471066754311158 0.00138759185444354 0.000136069895543989 0.00104495383963518 0.00198408299045596 0.00308553478106896 0.00523021451016778 867.677975541002 1.00315347118962
"pr2adjpred[36]" 0.0019746381353635 0.0000432742190406328 0.00127394051364236 0.000124900497596925 0.000958035655908469 0.00181944078895123 0.00282252995654039 0.00482002024912561 866.642175560297 1.00312829448031
"pr2adjpred[37]" 0.00180694756705668 0.0000397627345884893 0.00116988517797929 0.000114659204428396 0.000877235751471075 0.0016591454928534 0.00258158365325498 0.00441203900435954 865.633367187281 1.00310269314757
"pr2adjpred[38]" 0.00165360139691805 0.0000365445447474829 0.00107459009051388 0.000104902771533814 0.00079524333634887 0.00152142605360564 0.00236277173089275 0.00404934332392677 864.650407711866 1.0030767360094
"pr2adjpred[39]" 0.00151336384349301 0.000033594425119408 0.000987294471079078 0.0000958640978137656 0.000722465197995359 0.00139239365937242 0.00215899368414265 0.0037015476457663 863.692170213797 1.00305049068405
"pr2adjpred[40]" 0.00138510633246491 0.0000308893815637022 0.000907305611361528 0.0000876113565614024 0.000662735323387186 0.00126533393335451 0.00197234249993493 0.00339161103744263 862.757546882825 1.00302402337246
"pr2adjpred[41]" 0.0012677981324804 0.0000284084481403316 0.000833992619693174 0.0000800529616000154 0.000603832170762705 0.0011576448478434 0.00180839025591085 0.00312871752208761 861.845452148198 1.00299739865583
"pr2adjpred[42]" 0.00116049781439998 0.0000261325037291861 0.000766780753410058 0.0000732091242189283 0.000550913941457369 0.00105794594670449 0.00165255498317074 0.00289424106811996 860.954825604039 1.00297067930904
"pr2adjpred[43]" 0.00106234546108897 0.0000240441055725477 0.000705146282649572 0.0000672230851328508 0.000506168762149389 0.000965897184915552 0.00151266860462104 0.00266275021223155 860.084634719399 1.00294392613056
"pr2adjpred[44]" 0.00097255556135751 0.0000221273381537861 0.00064861183488553 0.0000617265403772163 0.000464124889081878 0.000881182179898748 0.00138487792312323 0.00246204169883351 859.233877323991 1.00291719778928
"pr2adjpred[45]" 0.000890410527568946 0.0000203676759760547 0.000596742174398715 0.0000566802367085073 0.000423980307990061 0.000804351435240273 0.00126544891541546 0.00227418863704838 858.401583862861 1.00289055068829
"pr2adjpred[46]" 0.000815254781817642 0.0000187518589409368 0.0005491403753012 0.0000517806890774057 0.000386312326984719 0.00073301046281625 0.00115598129634951 0.00210016790065617 857.586819415349 1.00286403884599
"pr2adjpred[47]" 0.000746489360476574 0.0000172677791501352 0.000505444350722701 0.0000471343849976946 0.000353297532230583 0.000668890366276155 0.00105640513589639 0.0019296739249189 856.788685475905 1.00283771379408
"pr2adjpred[48]" 0.000683566991376196 0.0000159043780646586 0.000465323704368796 0.0000430877456294256 0.00032323404441126 0.00060916904117176 0.00096127431977616 0.00176957700226674 856.006321496334 1.00281162449254
"pr2adjpred[49]" 0.000625987601938099 0.0000146515530566762 0.000428476873912032 0.0000395160881612663 0.000294153176876405 0.00055696052789914 0.000878036280855298 0.00162024510947081 855.238906190908 1.00278581726095
"pr2adjpred[50]" 0.000573294220285993 0.0000135000724803147 0.000394628538612267 0.0000360799586391813 0.000268790340884184 0.000509829241922163 0.000803082513795709 0.00148177710830129 854.485658607685 1.00276033572589
"pr2adjpred[51]" 0.000525069234725144 0.0000124415838876689 0.000363527266212785 0.0000327910765611697 0.000245800305175813 0.000466927515758717 0.000732678189137015 0.00135934315048159 853.734116241358 1.00273522078378
"propnPrimI[1]" 0.443508050311686 0.00331766933583601 0.118584779670576 0.252249565259457 0.355561727732733 0.427735295616601 0.519054264525114 0.693361794275122 1277.59059038247 0.999366385242717
"propnPrimI[2]" 0.428309305694125 0.00330988311381198 0.118479646116278 0.238491321049212 0.340917513389078 0.412279979006751 0.502691960470467 0.681519024336107 1281.33350416505 0.998978090940043
"propnPrimI[3]" 0.440063099227161 0.00332579628340585 0.118907741470466 0.247390101898116 0.352302227264427 0.424641278510275 0.515072656223297 0.693829137485548 1278.28876867589 0.99889168971648
"propnPrimI[4]" 0.614387685092428 0.00313952386733428 0.110068121783139 0.410557096177339 0.534685367945325 0.609180169294881 0.691950828623427 0.82615529785909 1229.12353164898 0.998927565640815
"propnPrimI[5]" 0.684700101442235 0.00288172243291914 0.099283340332488 0.492587224405833 0.613876056273963 0.682861148187889 0.758276448944481 0.866927313513846 1186.99384241938 0.999563878765929
"propnPrimI[6]" 0.523304915062627 0.00333507750092288 0.117650855641886 0.321377282284449 0.436591747677372 0.512468986206668 0.604633653998727 0.760689230394912 1244.45248406075 0.999779115274678
"propnPrimI[7]" 0.433982988044091 0.0033097529593099 0.118387536169428 0.244560149844436 0.346029060877725 0.417763138731267 0.509291713528257 0.685361187457735 1279.44259860686 0.999407659340665
"propnPrimI[8]" 0.405223900147554 0.00327870244383632 0.117537608940439 0.220946259356176 0.318649272445765 0.388113662785381 0.477372234550251 0.658959450921685 1285.13779037918 0.999029200893748
