"mean" "se_mean" "sd" "2.5%" "25%" "50%" "75%" "97.5%" "n_eff" "Rhat"
"pp0" 0.411951259042453 0.00373451814987307 0.098732208144723 0.253810021283507 0.333352569640895 0.401584968957013 0.477823729487768 0.624018493843801 698.953930271305 1.00358628166314
"pr0" 0.182474926982545 0.0021978791071438 0.0571992688346094 0.0738487535897571 0.142555305308629 0.183068424758793 0.22199437072433 0.296058424240843 677.287956917316 1.00081099650447
"xstar" 0.0898325202684959 0.000293253939234866 0.00781951921312465 0.074446760018129 0.0842420083287409 0.0897284893192743 0.095199973625363 0.105059293958613 711.004571148463 1.00039959467245
"b1" 0.486937554318279 0.00899179887394188 0.222732046305706 0.132334117452103 0.307104534564171 0.460709824661785 0.651853943513778 0.934654458880401 613.581484528445 1.00339531987001
"ppadjpred[1]" 0.411951259042453 0.00373451814987307 0.098732208144723 0.253810021283507 0.333352569640895 0.401584968957013 0.477823729487768 0.624018493843801 698.953930271305 1.00358628166314
"ppadjpred[2]" 0.376317280129783 0.00337701601428272 0.0891645402099191 0.232948705502311 0.304753109077738 0.367420454787618 0.436224448944816 0.567659696559688 697.136960482411 1.00351078365222
"ppadjpred[3]" 0.34378631817711 0.00305646796420296 0.0805973419614712 0.21314496770965 0.278927871560391 0.334854288290019 0.399481167537694 0.515943394087292 695.347251470831 1.00342498504364
"ppadjpred[4]" 0.314086387105818 0.00276896328113654 0.0729237940095076 0.195948167389154 0.255335935940781 0.306212888628471 0.364557289843512 0.470889993996947 693.592068132055 1.00332889142469
"ppadjpred[5]" 0.28696949442295 0.00251099901822715 0.0660482846680386 0.179826702264487 0.233755443884217 0.27933975701457 0.333030442767926 0.429192638608232 691.878763131177 1.00322264564298
"ppadjpred[6]" 0.262209511243972 0.0022794383488616 0.0598852587634972 0.165499897700817 0.213966385521962 0.255870448845245 0.303183490676184 0.392593735016897 690.214629169807 1.0031065379669
"ppadjpred[7]" 0.239600232569534 0.00207147318641098 0.0543581853355769 0.152266684185291 0.195499362397429 0.233400150055721 0.277208950969112 0.357423165972259 688.606738010336 1.00298101230093
"ppadjpred[8]" 0.218953610719129 0.00188459063056055 0.0493986317864017 0.140324749589186 0.178747184562822 0.213595472914354 0.25317779398258 0.326542976989079 687.06177214143 1.00284666766244
"ppadjpred[9]" 0.200098146370197 0.00171654283977117 0.04494543326344 0.128697709102637 0.16357201847215 0.195131979218288 0.23137327891799 0.297343996923536 685.585856165591 1.00270425433116
"ppadjpred[10]" 0.182877423056185 0.00156531996949061 0.0409439471783743 0.118397989676005 0.149780054653321 0.178479324458524 0.21136920600188 0.27155462947784 684.184395775535 1.00255466436688
"ppadjpred[11]" 0.167148772254511 0.00142912585229815 0.0373453837837563 0.108777129865417 0.137134569486652 0.163186506851166 0.193035751680575 0.246006638408498 682.861932426126 1.00239891653424
"ppadjpred[12]" 0.152782057356629 0.00130635612964109 0.0341062046644539 0.0996885457022653 0.125487206362126 0.149224139451199 0.176174919193838 0.224382024282916 681.622021415924 1.00223813604848
"ppadjpred[13]" 0.139658565868397 0.0011955785755317 0.0311875818615039 0.0916262299195454 0.114453892409548 0.136389041056277 0.16105969865562 0.204628874547221 680.467140049081 1.00207352992387
"ppadjpred[14]" 0.127670000149003 0.00109551538075459 0.028554911138997 0.0835191984399918 0.104750451184114 0.124477548245112 0.1471693070832 0.18749036729414 679.39863091413 1.00190635902935
"ppadjpred[15]" 0.116717557869841 0.0010050271919445 0.0261773736343231 0.0763361555942513 0.0959901004107325 0.113849227685541 0.134575282136756 0.171604505064952 678.416683227682 1.0017379081955
"ppadjpred[16]" 0.106711094168627 0.000923098723424521 0.0240275408005585 0.0695410836598701 0.0877134324934883 0.103946862785972 0.122835162405726 0.156915828803295 677.52035284428 1.00156945584795
"ppadjpred[17]" 0.097568358196161 0.000848825780995578 0.022081018157473 0.0636283326425309 0.080104562108595 0.0949175685829251 0.112396555586822 0.144075229772368 676.707619159063 1.00140224464883
"ppadjpred[18]" 0.0892142974097964 0.000781403555971431 0.0203161239143275 0.0578785593357493 0.0733712890353707 0.0868983766599262 0.102954679361656 0.132716887425884 675.975474958641 1.00123745451343
"ppadjpred[19]" 0.0815804235649993 0.000720116064693869 0.0187135990131202 0.0526678264455032 0.0670315167486147 0.0795173699625424 0.0943694330792479 0.121608924335321 675.320043507493 1.00107617914918
"ppadjpred[20]" 0.074604234899673 0.000664326623600959 0.0172563455657979 0.0481074463523713 0.0612758346394751 0.072767368739213 0.086380569217037 0.11086453950754 674.736715934123 1.00091940696766
"ppadjpred[21]" 0.0682286895001299 0.000613469262751015 0.0159291910250141 0.0436513566458283 0.0559671470013867 0.0666643437087972 0.0790671299947538 0.102132780680548 674.220301372912 1.00076800688298
"ppadjpred[22]" 0.0624017252871755 0.00056704099166348 0.0147186757386383 0.0397902676312523 0.0510605075751065 0.0608531200388291 0.0721616271257425 0.0940336327506485 673.765182317806 1.00062271916731
"ppadjpred[23]" 0.0570758224697753 0.000524594840599667 0.0136128617981891 0.0362194740703665 0.0465281268978601 0.0556874059077649 0.0661803355281004 0.0863980036339969 673.365468181862 1.00048415122061
"ppadjpred[24]" 0.0522076046858907 0.000485733608176688 0.0126011613066759 0.0327655520099321 0.0424715683470404 0.050844005117029 0.0605347498739066 0.0792094759659934 673.015141012926 1.00035277784994
"ppadjpred[25]" 0.0477574753886387 0.000450104252709101 0.0116741823687201 0.0298238146308557 0.0387819636446136 0.0464682719944603 0.0554593367714344 0.0725200197784078 672.708188546859 1.00022894546035
"ppadjpred[26]" 0.0436892863440017 0.000417392870130849 0.010823591252284 0.0269469950384637 0.0353157376448483 0.0424682516574868 0.0508645786429575 0.0666616897143776 672.438721138011 1.00011287943899
"ppadjpred[27]" 0.0399700353866391 0.000387280717231059 0.0100419892936218 0.0244900781169109 0.0321695668162768 0.0387994537838663 0.0465979411980098 0.061416083234544 672.338158271547 1.00000469396356
"ppadjpred[28]" 0.0365695908354584 0.000359506095793111 0.0093228032213145 0.0221440419585038 0.0293628187939421 0.0354891031998788 0.0427998969895883 0.0566048923194876 672.481773090399 0.999904403475229
"ppadjpred[29]" 0.0334604402027613 0.000333919506226003 0.00866018766668999 0.0200064236128462 0.0268322753215798 0.0324530201293631 0.0391966045426631 0.0523425814798585 672.62193731263 0.99981193511263
"ppadjpred[30]" 0.030617461042073 0.000310289812365584 0.00804893871072142 0.0181116394671733 0.02446427102701 0.0297293338156086 0.0359299693443482 0.0483293044235995 672.887107488306 0.999727141491245
"ppadjpred[31]" 0.0280177119720769 0.000288377609892381 0.00748441739476688 0.0163226203360284 0.0222895945438376 0.0271273908602248 0.0329176230333612 0.0444917730074426 673.585799576899 0.999649813318581
"ppadjpred[32]" 0.0256402420891184 0.000268134256971624 0.00696248219635298 0.014703325240955 0.0203126546767492 0.0248264217043941 0.0301366161197109 0.0412313049409552 674.254088965617 0.999579691447509
"ppadjpred[33]" 0.0234659171400859 0.000249413617014246 0.00647942954288994 0.0133278100658251 0.0185206453625648 0.0226549024593937 0.0275893153457291 0.0378399159780873 674.890356073953 0.999516478078655
"ppadjpred[34]" 0.0214772609725238 0.00023206544728684 0.00603194150631619 0.0119966100700995 0.0169078164834214 0.0207178303661188 0.0252640609131612 0.0351731196756401 675.605658426929 0.999459846921354
"ppadjpred[35]" 0.0196583109108862 0.000215969963992369 0.00561703989030344 0.0108335283085575 0.0153935343562441 0.0189286067218874 0.0232142191242099 0.0325126519819389 676.438479164401 0.999409452207475
"ppadjpred[36]" 0.0179944858280605 0.000201049941860259 0.0052320459885803 0.00978548434081744 0.0140325731673807 0.0172749896608606 0.021330174361931 0.029928231538943 677.228461516038 0.999364936521664
"ppadjpred[37]" 0.0164724657907531 0.000187209291869905 0.00487454535774767 0.00885329903775847 0.0127705223395538 0.0158324932258503 0.0195232414558038 0.0276931879859757 677.974611131023 0.999325937465241
"ppadjpred[38]" 0.0150800822569941 0.000174361208984611 0.00454235701018726 0.00801415822063332 0.0116213147306481 0.0144674901240841 0.017907044632253 0.025611590637034 678.676461073315 0.99929209321019
"ppadjpred[39]" 0.0138062178947766 0.000162427123527218 0.00423350649184995 0.00724129395780959 0.010579957577311 0.0132562710452368 0.01640930258102 0.0236034708580389 679.334003694803 0.999263047026196
"ppadjpred[40]" 0.0126407151734917 0.00015133578073574 0.00394620236545996 0.00655105570639212 0.00963312466516253 0.0121116146617719 0.0150304832181061 0.0217223740094422 679.947626203388 0.999238450879636
"ppadjpred[41]" 0.0115742929550806 0.000141022433039788 0.00367881567169311 0.00591416538916123 0.00878700810668007 0.0110742504194846 0.013759714204664 0.0200328555325233 680.518050745461 0.999217968210959
"ppadjpred[42]" 0.0105984703803793 0.000131428131265422 0.00342986198899503 0.00535187647535419 0.00800046698427895 0.0101320937223684 0.0125908433537604 0.0184965536388796 681.046279494602 0.999201275998005
"ppadjpred[43]" 0.00970549740855605 0.000122499102510259 0.00319798575681983 0.00483706362029489 0.00728346484851878 0.00927145733009598 0.0115069160303386 0.0171118875161798 681.533544974124 0.999188066209364
"ppadjpred[44]" 0.00888829142441214 0.00011418620383336 0.00298194656720621 0.00435544197070966 0.00662318068238106 0.00847487915113179 0.0105568738764793 0.0158300476842564 681.981265635133 0.999178046745253
"ppadjpred[45]" 0.00814037938011305 0.000106444442178554 0.00278060716586354 0.00392177586810084 0.0060219815163056 0.00773136878458597 0.00969079707022057 0.0146887050077437 682.391006557308 0.999170941954904
"ppadjpred[46]" 0.00745584498510496 0.0000992325521003308 0.00259292293647424 0.00353799478734549 0.00547933903211983 0.00706691647312632 0.00890269140143955 0.0135773369551469 682.764445029346 0.99916649281004
"ppadjpred[47]" 0.00682928050095705 0.000092512623894541 0.00241793267093946 0.00319372667942728 0.00500601505758481 0.00646395987494571 0.00817276028348404 0.0125206521437078 683.10334069207 0.999164456804215
"ppadjpred[48]" 0.00625574273703416 0.000086249775658916 0.00225475045403999 0.00288462908244414 0.00456723694411611 0.00590738684925871 0.00749421693334915 0.0115560459168191 683.40950988278 0.999164607638375
"ppadjpred[49]" 0.00573071287858593 0.0000804118636289643 0.00210255851371238 0.00261167948928491 0.00416374637174959 0.00540768175361751 0.00686872140086632 0.0106538317185118 683.684803797852 0.999166734743952
"ppadjpred[50]" 0.00525005981135066 0.0000749692258611408 0.00196060090811498 0.00235329053214436 0.00379997012477315 0.00494579031122926 0.00629450917168325 0.00982541516732947 683.931090086476 0.999170642686633
"ppadjpred[51]" 0.00481000663639718 0.0000698944549756973 0.00182817793814423 0.00212003092245847 0.00346905207049358 0.00451732815829859 0.00577291353880534 0.00907649305944945 684.150237496992 0.999176150486541
"pradjpred[1]" 0.182474926982545 0.0021978791071438 0.0571992688346094 0.0738487535897571 0.142555305308629 0.183068424758793 0.22199437072433 0.296058424240843 677.287956917316 1.00081099650447
"pradjpred[2]" 0.166600471513543 0.00198017544881162 0.0515447633217003 0.0677639785164745 0.130501380459298 0.167507197493201 0.202931923834987 0.267158907589782 677.58183770965 1.00089155167996
"pradjpred[3]" 0.152116497938436 0.00178476495763929 0.0464723125418151 0.0622335794371644 0.119621292232124 0.153238616839395 0.185297680295523 0.241190784013541 677.995026084841 1.00097639522367
"pradjpred[4]" 0.138900390253092 0.00160934970105779 0.0419213807368503 0.0570375793330967 0.109765177514031 0.140047137971388 0.168782643846786 0.218944900123739 678.531961145737 1.00106539296574
"pradjpred[5]" 0.126840416482514 0.00145186728567542 0.0378376914803641 0.0522486601546308 0.100219295985384 0.128388325641309 0.15367933398079 0.197912848103515 679.196476671143 1.00115836216607
"pradjpred[6]" 0.11583475629329 0.00131046683344711 0.0341725847317774 0.0478054334272155 0.0917898773696613 0.117568417282765 0.140091846125787 0.178961268956147 679.991666441932 1.00125506847732
"pradjpred[7]" 0.105790616032693 0.00118348740602149 0.0308824398795392 0.0439643636085173 0.0842288467898207 0.107610505658469 0.127835639306836 0.161822003445446 680.919744777514 1.00135522367182
"pradjpred[8]" 0.0966234232848657 0.00106943862840662 0.0279281580124636 0.0402575734837497 0.0774328010002621 0.0984263662888452 0.116920778469367 0.146181568352764 681.981905779156 1.00145848433365
"pradjpred[9]" 0.0882560937545187 0.000966983288295462 0.025274697345858 0.0369616127819312 0.0707613631824599 0.0897140001921289 0.106775537761856 0.132359658776088 683.17818555361 1.00156445171145
"pradjpred[10]" 0.0806183639426085 0.000874921710018963 0.022890656346073 0.0339443425708014 0.0650242019334455 0.0819833878419049 0.0975604786631859 0.119949118874903 684.507332406957 1.00167267290851
"pradjpred[11]" 0.073646183672621 0.000792177722411103 0.0207478996510993 0.0311323518681226 0.0595620636443616 0.0750324576540143 0.0891645823512369 0.108670513334067 685.966690588683 1.00178264355383
"pradjpred[12]" 0.0672811630659445 0.00071779618819686 0.018821222382489 0.0286014821261643 0.0543765233698821 0.0687353216649771 0.0814888612231981 0.0986198296421393 687.532697185329 1.00189381204978
"pradjpred[13]" 0.0614700690552958 0.000650921279653339 0.0170880488912042 0.0262763633419093 0.0496450553152706 0.0629317651756701 0.0746543236614823 0.089587168977143 689.172622578425 1.00200558543089
"pradjpred[14]" 0.0561643669708452 0.000590718748831479 0.0155281623823852 0.0241092403582005 0.0453821952451318 0.0575620599691817 0.0682405588858312 0.081458848968425 691.000907242374 1.00211733679498
"pradjpred[15]" 0.0513198031386783 0.000536506226620691 0.0141234622263215 0.0221047649402295 0.0416015162624832 0.0527306823247499 0.0623513206411416 0.0741441651121137 692.999325785466 1.00222841418686
"pradjpred[16]" 0.0468960247992682 0.00048771664082584 0.0128577460894001 0.0201658647016873 0.0380872212380614 0.0482867187576579 0.0569727624891022 0.067383646420328 695.015583847845 1.00233815073181
"pradjpred[17]" 0.0428562339881077 0.000443758554183407 0.0117165143132885 0.0184305755223025 0.0348348804219066 0.0441334612391935 0.0520487487704924 0.0615652927932866 697.113316786471 1.00244587573615
"pradjpred[18]" 0.039166872324643 0.000404130998614389 0.0106867942364262 0.0167856834288663 0.031884205286884 0.0404070316893056 0.0475540915793578 0.05619798030059 699.279130337361 1.002550926403
"pradjpred[19]" 0.0357973339319544 0.000368385195803944 0.00975698239192344 0.0153584781270381 0.0291301257749118 0.036873735604382 0.0435057345148684 0.0515237793058513 701.498431748834 1.00265265975918
"pradjpred[20]" 0.0327197039607817 0.000336119217713152 0.00891670273271187 0.0141209600899007 0.0265871626822044 0.0336772755057753 0.0397099055466494 0.0471607948460203 703.755639955567 1.00275046435934
"pradjpred[21]" 0.0299085204197986 0.000306973187220221 0.00815667923037868 0.0129854208285719 0.0242656847877639 0.0307257023703322 0.0362439026326028 0.0431189793398169 706.034430472102 1.00284377132948
"pradjpred[22]" 0.0273405572215842 0.000280624963269903 0.00746862137040029 0.0119172155178694 0.0221638752705241 0.0280004686457879 0.033134169564364 0.0394439115793245 708.318007485562 1.002932064336
"pradjpred[23]" 0.0249946265424317 0.000256786260730731 0.00684512122504638 0.0109795600963278 0.0202020296584244 0.0256064452097427 0.0302628528339159 0.0362190961476102 710.589393989268 1.0030148881163
"pradjpred[24]" 0.0228513987656863 0.000235199160416531 0.00627956092745888 0.0100968921281813 0.0184316516591942 0.0234124515032441 0.0277044524915281 0.0334167242552216 712.831729671636 1.00309185527981
"pradjpred[25]" 0.0208932384342894 0.000215490447702865 0.00576602949758014 0.00921734213026434 0.016823210031505 0.021431305299231 0.0252834207431635 0.0307349493423249 715.974694325214 1.0031626511777
"pradjpred[26]" 0.0191040547800433 0.000197585573708102 0.00529924808388603 0.00840985008633979 0.0153624741745541 0.0195701080991749 0.0230850788874459 0.0282494377172844 719.313213627159 1.00322703673832
"pradjpred[27]" 0.0174691655260882 0.000181331170135123 0.00487450278539782 0.00769810398304501 0.0140425852868649 0.0178167891120464 0.021078863557825 0.0259885835140145 722.629551215443 1.00328484926637
"pradjpred[28]" 0.0159751727763809 0.000166561138637323 0.00448758430730515 0.00702483213438896 0.012805666736003 0.0162653290943873 0.01925094011218 0.023892784392766 725.901809780529 1.00333600129781
"pradjpred[29]" 0.0146098499126381 0.000153126833879862 0.00413473378182409 0.0064203477579845 0.0116892116395165 0.0148381722772316 0.0176147477869519 0.022028285636751 729.109066751129 1.00338047768502
"pradjpred[30]" 0.0133620385162304 0.000140895240097143 0.00381259415472759 0.00587436987643001 0.0106546689979668 0.0135339802189543 0.0161082742470522 0.0203182339848129 732.231676229586 1.00341833115124
"pradjpred[31]" 0.0122215544207635 0.000129747331200866 0.00351816659838855 0.00534960741243756 0.00972690837461645 0.0123386464660476 0.0147171055389692 0.0187524559138527 735.251526966811 1.00344967659818
"pradjpred[32]" 0.0111791020813562 0.000119576596467894 0.00324877146520743 0.00490016183630029 0.00889546492426873 0.0112637911168883 0.0134481267078854 0.017258129785093 738.15225062644 1.00347468447439
"pradjpred[33]" 0.0102261965196482 0.000110287715689659 0.00300201334194165 0.00447213873513933 0.00810322907381662 0.0102686345725498 0.012310069238327 0.0159426765051146 740.91937711972 1.00349357351625
"pradjpred[34]" 0.00935509217000354 0.000101795369299725 0.00277574980662785 0.00405686615944534 0.00738838125208296 0.00936809205067606 0.0112740964574221 0.0147020928907999 743.540436276447 1.00350660316007
"pradjpred[35]" 0.0085587180128135 0.0000940231704377719 0.00256806352631858 0.00368973664593668 0.00672719078099167 0.00856699192747123 0.0103419460632072 0.0135274912110203 746.005007393803 1.00351406589724
"pradjpred[36]" 0.00783061843579444 0.0000869027071804511 0.00237723736647154 0.00336542404409145 0.00613353002527251 0.00780296186593061 0.00947318155849374 0.0124635697252199 748.304720150433 1.00351627980764
"pradjpred[37]" 0.00716489931420963 0.0000803726842941004 0.00220173221215686 0.00307416659867607 0.00558951771684678 0.00711723860396299 0.00867695562735828 0.011477981697083 750.433211905579 1.00351358146416
"pradjpred[38]" 0.00655617884647553 0.0000743781548616545 0.0020401672278095 0.00280198749164355 0.00510319837728387 0.00649150353927497 0.00795138624426146 0.0105787472570514 752.386047484429 1.00350631935671
"pradjpred[39]" 0.00599954272304442 0.0000688698330243586 0.00189130230647307 0.0025478511142907 0.00464360468065458 0.00592389304446282 0.00727172772209183 0.00977259709799124 754.160608182157 1.00349484794079
"pradjpred[40]" 0.00549050324416173 0.0000638034798742276 0.00175402248169403 0.0023327802702997 0.00422818828981325 0.00541264460780422 0.00666739018172928 0.00902119977657831 755.755956934354 1.00347952237492
"pradjpred[41]" 0.00502496203641286 0.0000591393552493953 0.00162732409569156 0.00213474712406766 0.00385371467675306 0.00493543404230591 0.00609704502244598 0.00832438028427904 757.172686458416 1.00346069397623
"pradjpred[42]" 0.00459917604920898 0.0000548417288331935 0.00151030253634406 0.00194258655840312 0.00350991542603455 0.00450450412948169 0.00557725834385488 0.00770067229863644 758.412756740625 1.00343870639351
"pradjpred[43]" 0.00420972654079053 0.000050878444548631 0.00140214137304537 0.00176983218373863 0.00320438881829673 0.00411245185376852 0.00510475448048374 0.00713815316539553 759.479327603978 1.00341389247348
"pradjpred[44]" 0.00385349078920717 0.0000472205327805988 0.00130210273770122 0.00160811347459678 0.00291935746050117 0.00376316128496445 0.00468201795593797 0.00659217832365165 760.376591317969 1.00338657177828
"pradjpred[45]" 0.00352761628729103 0.0000438418654548074 0.00120951881214241 0.00146813293038192 0.00266119673034256 0.00343521407989675 0.00428237610353623 0.00607037607741871 761.109609370706 1.0033570486999
"pradjpred[46]" 0.00322949720208799 0.0000408889495390645 0.00112378429708992 0.00133799796469399 0.00241915628102196 0.00313284157243637 0.00392394634639721 0.00562901951511093 755.360049869863 1.00332561110982
"pradjpred[47]" 0.00295675289873833 0.000038187591954612 0.00104434975057403 0.00122545479425643 0.0022043049962164 0.00285544542075611 0.00360149909592431 0.00522024142458518 747.906638334711 1.00329252947857
"pradjpred[48]" 0.00270720834657703 0.0000356675840246835 0.000970715695433267 0.00112126046364635 0.00200833767561979 0.00260372191202663 0.00330135765713416 0.0048138457586928 740.690402793202 1.00325805639953
"pradjpred[49]" 0.00247887624141271 0.0000332986650776632 0.000902427406247337 0.00101598573683931 0.00182300661390176 0.00237681324900454 0.00303159712698895 0.00445246737779845 734.464663245422 1.0032224264536
"pradjpred[50]" 0.00226994069268565 0.0000309858961507516 0.000839070295839389 0.000927371294102769 0.00165457960704357 0.00216976400313028 0.00277964463066093 0.00413652987258403 733.277858481334 1.00318585635494
"pradjpred[51]" 0.00207874233762971 0.0000288405002516168 0.000780265830366173 0.000843616237235344 0.00150217058715402 0.00198388550987706 0.00255153398958687 0.00381990185885707 731.946938921215 1.00314854532318
"propnPrimI[1]" 0.459462751039387 0.0048301803030954 0.124762983209404 0.280674058757977 0.358756874326501 0.44183653553015 0.542861589332422 0.733748786244752 667.182760729856 1.00209376241973
"propnPrimI[2]" 0.418806464292825 0.00479075611355399 0.124028412595626 0.246496097664903 0.319291163037829 0.398917063721337 0.498900166369678 0.697929766461699 670.246022954243 1.00206087571372
"propnPrimI[3]" 0.42431400941699 0.0047995673166148 0.124217962116545 0.251001289126968 0.32455375579115 0.404711777766134 0.504927216898855 0.702988102765296 669.830047768145 1.0020646170263
"propnPrimI[4]" 0.585038749737272 0.00459017535505933 0.117686576081683 0.400676325549119 0.489428778403602 0.575605900835982 0.67047646304778 0.825231120847364 657.347933490556 1.00226640824588
"propnPrimI[5]" 0.677916188494159 0.00407250359759594 0.103766116697548 0.505161801302709 0.594115368188017 0.674378643291859 0.756509401968712 0.878200096094293 649.214446169746 1.002454645433
"propnPrimI[6]" 0.55474275314101 0.00469697856908461 0.120650879909464 0.369607863593355 0.456722875567056 0.543268792370134 0.640857814203075 0.805486913214231 659.817499934673 1.00221558446427
"propnPrimI[7]" 0.446673325893519 0.00482413073796982 0.124696635993077 0.269690648386654 0.346188450051705 0.428301585437734 0.529165861052608 0.722852292872636 668.145944718684 1.00208211799709
"propnPrimI[8]" 0.392201907966668 0.00473258260918434 0.12270730047026 0.225268514321151 0.294242673688134 0.37102670539597 0.469479312642929 0.672524114444053 672.271029977157 1.00204606389836
